Position Vector Of blackhole Orbiting with star
5, 5
5.00995, 4.98995
5.01985, 4.97985
5.02971, 4.96971
5.03951, 4.95951
5.04926, 4.94927
5.05897, 4.93897
5.06862, 4.92863
5.07823, 4.91824
5.08778, 4.9078
5.09729, 4.89731
5.10674, 4.88678
5.11615, 4.87619
5.1255, 4.86556
5.13481, 4.85488
5.14406, 4.84415
5.15327, 4.83338
5.16242, 4.82255
5.17152, 4.81168
5.18058, 4.80076
5.18958, 4.7898
5.19853, 4.77878
5.20743, 4.76772
5.21628, 4.75661
5.22508, 4.74545
5.23382, 4.73425
5.24252, 4.723
5.25116, 4.7117
5.25976, 4.70036
5.2683, 4.68896
5.27679, 4.67753
5.28523, 4.66604
5.29361, 4.65451
5.30195, 4.64293
5.31023, 4.63131
5.31846, 4.61963
5.32664, 4.60792
5.33477, 4.59615
5.34284, 4.58434
5.35086, 4.57249
5.35883, 4.56058
5.36675, 4.54863
5.37461, 4.53664
5.38243, 4.5246
5.39018, 4.51251
5.39789, 4.50038
5.40554, 4.4882
5.41314, 4.47598
5.42069, 4.46371
5.42818, 4.4514
5.43562, 4.43904
5.443, 4.42664
5.45034, 4.41419
5.45761, 4.40169
5.46484, 4.38915
5.47201, 4.37657
5.47913, 4.36394
5.48619, 4.35126
5.4932, 4.33855
5.50015, 4.32578
5.50705, 4.31297
5.5139, 4.30012
5.52069, 4.28723
5.52742, 4.27428
5.5341, 4.2613
5.54073, 4.24827
5.5473, 4.23519
5.55382, 4.22208
5.56028, 4.20891
5.56668, 4.19571
5.57303, 4.18246
5.57933, 4.16917
5.58557, 4.15583
5.59175, 4.14245
5.59788, 4.12902
5.60395, 4.11556
5.60996, 4.10204
5.61592, 4.08849
5.62182, 4.07489
5.62767, 4.06125
5.63346, 4.04757
5.6392, 4.03384
5.64487, 4.02007
5.65049, 4.00626
5.65606, 3.9924
5.66156, 3.9785
5.66701, 3.96456
5.6724, 3.95058
5.67774, 3.93655
5.68302, 3.92248
5.68823, 3.90837
5.6934, 3.89422
5.6985, 3.88002
5.70355, 3.86578
5.70854, 3.8515
5.71347, 3.83718
5.71834, 3.82282
5.72315, 3.80841
5.72791, 3.79396
5.7326, 3.77947
5.73724, 3.76494
5.74182, 3.75037
5.74634, 3.73576
5.7508, 3.7211
5.75521, 3.70641
5.75955, 3.69167
5.76383, 3.67689
5.76806, 3.66207
5.77222, 3.64721
5.77633, 3.6323
5.78037, 3.61736
5.78436, 3.60238
5.78828, 3.58735
5.79215, 3.57229
5.79595, 3.55718
5.79969, 3.54203
5.80338, 3.52685
5.807, 3.51162
5.81056, 3.49635
5.81406, 3.48104
5.8175, 3.46569
5.82088, 3.45031
5.8242, 3.43488
5.82745, 3.41941
5.83065, 3.4039
5.83378, 3.38835
5.83685, 3.37277
5.83986, 3.35714
5.8428, 3.34147
5.84569, 3.32577
5.84851, 3.31002
5.85127, 3.29424
5.85397, 3.27841
5.8566, 3.26255
5.85917, 3.24665
5.86168, 3.2307
5.86412, 3.21472
5.86651, 3.1987
5.86882, 3.18265
5.87108, 3.16655
5.87327, 3.15042
5.8754, 3.13424
5.87746, 3.11803
5.87946, 3.10178
5.88139, 3.08549
5.88326, 3.06916
5.88507, 3.0528
5.88681, 3.03639
5.88848, 3.01995
5.8901, 3.00347
5.89164, 2.98696
5.89312, 2.9704
5.89454, 2.95381
5.89589, 2.93718
5.89717, 2.92051
5.89839, 2.90381
5.89954, 2.88707
5.90063, 2.87029
5.90165, 2.85347
5.9026, 2.83662
5.90349, 2.81973
5.90431, 2.8028
5.90506, 2.78583
5.90575, 2.76883
5.90637, 2.7518
5.90692, 2.73472
5.9074, 2.71761
5.90782, 2.70046
5.90817, 2.68328
5.90845, 2.66606
5.90866, 2.64881
5.9088, 2.63151
5.90888, 2.61419
5.90889, 2.59682
5.90882, 2.57942
5.90869, 2.56199
5.90849, 2.54452
5.90822, 2.52701
5.90789, 2.50947
5.90748, 2.4919
5.907, 2.47428
5.90645, 2.45664
5.90583, 2.43896
5.90515, 2.42124
5.90439, 2.40349
5.90356, 2.3857
5.90266, 2.36788
5.90169, 2.35002
5.90064, 2.33213
5.89953, 2.31421
5.89835, 2.29625
5.89709, 2.27826
5.89576, 2.26023
5.89436, 2.24217
5.89289, 2.22408
5.89134, 2.20595
5.88973, 2.18778
5.88804, 2.16959
5.88627, 2.15136
5.88444, 2.1331
5.88253, 2.1148
5.88054, 2.09647
5.87849, 2.07811
5.87636, 2.05971
5.87415, 2.04129
5.87187, 2.02283
5.86952, 2.00433
5.86709, 1.98581
5.86459, 1.96725
5.86202, 1.94866
5.85936, 1.93004
5.85664, 1.91138
5.85383, 1.89269
5.85095, 1.87398
5.848, 1.85523
5.84497, 1.83644
5.84186, 1.81763
5.83868, 1.79878
5.83542, 1.77991
5.83208, 1.761
5.82866, 1.74206
5.82517, 1.72309
5.8216, 1.70409
5.81795, 1.68506
5.81423, 1.666
5.81043, 1.64691
5.80654, 1.62779
5.80258, 1.60863
5.79854, 1.58945
5.79443, 1.57024
5.79023, 1.551
5.78595, 1.53172
5.7816, 1.51242
5.77716, 1.49309
5.77264, 1.47373
5.76805, 1.45434
5.76337, 1.43492
5.75861, 1.41547
5.75377, 1.396
5.74885, 1.37649
5.74385, 1.35696
5.73877, 1.3374
5.7336, 1.31781
5.72835, 1.29819
5.72302, 1.27854
5.71761, 1.25887
5.71212, 1.23917
5.70654, 1.21944
5.70088, 1.19968
5.69513, 1.1799
5.6893, 1.16009
5.68339, 1.14025
5.67739, 1.12038
5.67131, 1.10049
5.66514, 1.08057
5.65889, 1.06063
5.65255, 1.04066
5.64613, 1.02066
5.63962, 1.00064
5.63303, 0.980592
5.62635, 0.960519
5.61958, 0.94042
5.61273, 0.920296
5.60579, 0.900147
5.59876, 0.879973
5.59165, 0.859774
5.58444, 0.839551
5.57715, 0.819303
5.56977, 0.799032
5.56231, 0.778736
5.55475, 0.758417
5.5471, 0.738073
5.53937, 0.717707
5.53154, 0.697317
5.52363, 0.676904
5.51562, 0.656468
5.50753, 0.63601
5.49934, 0.615529
5.49107, 0.595025
5.4827, 0.5745
5.47424, 0.553952
5.46569, 0.533383
5.45704, 0.512792
5.44831, 0.49218
5.43948, 0.471547
5.43055, 0.450893
5.42154, 0.430218
5.41243, 0.409522
5.40323, 0.388807
5.39393, 0.368071
5.38454, 0.347315
5.37505, 0.32654
5.36547, 0.305745
5.35579, 0.284931
5.34602, 0.264099
5.33615, 0.243247
5.32619, 0.222377
5.31612, 0.201489
5.30597, 0.180582
5.29571, 0.159658
5.28536, 0.138716
5.2749, 0.117757
5.26436, 0.0967814
5.25371, 0.0757886
5.24296, 0.0547792
5.23211, 0.0337535
5.22117, 0.0127117
5.21012, -0.00834579
5.19898, -0.0294188
5.18773, -0.0505071
5.17638, -0.0716103
5.16494, -0.0927283
5.15339, -0.113861
5.14174, -0.135007
5.12998, -0.156167
5.11813, -0.177341
5.10617, -0.198529
5.09411, -0.219729
5.08194, -0.240942
5.06967, -0.262167
5.0573, -0.283404
5.04482, -0.304653
5.03224, -0.325914
5.01955, -0.347186
5.00675, -0.368468
4.99385, -0.389761
4.98085, -0.411065
4.96773, -0.432378
4.95451, -0.453701
4.94118, -0.475032
4.92775, -0.496373
4.9142, -0.517722
4.90055, -0.539079
4.88679, -0.560445
4.87292, -0.581817
4.85894, -0.603197
4.84485, -0.624583
4.83064, -0.645975
4.81633, -0.667374
4.80191, -0.688778
4.78737, -0.710187
4.77273, -0.731601
4.75797, -0.75302
4.74309, -0.774442
4.72811, -0.795868
4.71301, -0.817297
4.69779, -0.838729
4.68246, -0.860163
4.66702, -0.881599
4.65146, -0.903037
4.63579, -0.924475
4.62, -0.945914
4.60409, -0.967354
4.58807, -0.988792
4.57192, -1.01023
4.55566, -1.03167
4.53929, -1.0531
4.52279, -1.07453
4.50618, -1.09596
4.48944, -1.11739
4.47259, -1.13881
4.45561, -1.16023
4.43852, -1.18165
4.4213, -1.20306
4.40396, -1.22446
4.3865, -1.24586
4.36892, -1.26725
4.35121, -1.28863
4.33338, -1.31
4.31543, -1.33137
4.29735, -1.35273
4.27914, -1.37407
4.26082, -1.39541
4.24236, -1.41673
4.22378, -1.43805
4.20508, -1.45935
4.18624, -1.48064
4.16728, -1.50192
4.14819, -1.52318
4.12897, -1.54443
4.10963, -1.56566
4.09015, -1.58687
4.07054, -1.60807
4.05081, -1.62925
4.03094, -1.65042
4.01094, -1.67156
3.99081, -1.69269
3.97055, -1.71379
3.95015, -1.73488
3.92962, -1.75594
3.90896, -1.77698
3.88817, -1.798
3.86723, -1.81899
3.84617, -1.83996
3.82497, -1.8609
3.80363, -1.88181
3.78215, -1.9027
3.76054, -1.92356
3.73879, -1.94439
3.71691, -1.96519
3.69488, -1.98596
3.67272, -2.0067
3.65041, -2.02741
3.62797, -2.04808
3.60538, -2.06872
3.58266, -2.08932
3.55979, -2.10989
3.53678, -2.13041
3.51363, -2.15091
3.49033, -2.17136
3.4669, -2.19177
3.44331, -2.21214
3.41959, -2.23246
3.39572, -2.25275
3.3717, -2.27299
3.34754, -2.29318
3.32323, -2.31332
3.29877, -2.33342
3.27417, -2.35347
3.24942, -2.37347
3.22452, -2.39342
3.19947, -2.41331
3.17428, -2.43315
3.14893, -2.45293
3.12343, -2.47266
3.09779, -2.49233
3.07199, -2.51194
3.04604, -2.53149
3.01994, -2.55098
2.99369, -2.57041
2.96728, -2.58977
2.94072, -2.60906
2.91401, -2.62829
2.88714, -2.64745
2.86012, -2.66654
2.83294, -2.68555
2.80561, -2.7045
2.77812, -2.72336
2.75048, -2.74215
2.72268, -2.76087
2.69472, -2.7795
2.6666, -2.79805
2.63833, -2.81652
2.6099, -2.8349
2.58131, -2.8532
2.55257, -2.8714
2.52366, -2.88952
2.49459, -2.90755
2.46537, -2.92548
2.43598, -2.94331
2.40644, -2.96105
2.37673, -2.97869
2.34687, -2.99622
2.31684, -3.01365
2.28665, -3.03098
2.2563, -3.0482
2.22579, -3.06531
2.19511, -3.0823
2.16428, -3.09918
2.13328, -3.11595
2.10212, -3.13259
2.0708, -3.14912
2.03931, -3.16552
2.00766, -3.18179
1.97585, -3.19794
1.94388, -3.21395
1.91174, -3.22984
1.87945, -3.24558
1.84698, -3.26119
1.81436, -3.27666
1.78157, -3.29198
1.74863, -3.30716
1.71551, -3.32219
1.68224, -3.33706
1.64881, -3.35179
1.61521, -3.36635
1.58145, -3.38075
1.54753, -3.39499
1.51345, -3.40907
1.47921, -3.42297
1.44482, -3.4367
1.41026, -3.45026
1.37554, -3.46364
1.34066, -3.47683
1.30563, -3.48984
1.27044, -3.50267
1.23509, -3.51529
1.19958, -3.52773
1.16392, -3.53996
1.12811, -3.552
1.09214, -3.56382
1.05603, -3.57544
1.01976, -3.58684
0.983335, -3.59803
0.946765, -3.60899
0.910046, -3.61973
0.873181, -3.63024
0.836171, -3.64052
0.799016, -3.65056
0.761718, -3.66036
0.724279, -3.66992
0.686701, -3.67922
0.648984, -3.68828
0.611132, -3.69707
0.573144, -3.70561
0.535025, -3.71388
0.496774, -3.72187
0.458396, -3.7296
0.419891, -3.73704
0.381262, -3.7442
0.342511, -3.75107
0.303641, -3.75765
0.264655, -3.76393
0.225555, -3.7699
0.186344, -3.77557
0.147024, -3.78093
0.107599, -3.78597
0.0680725, -3.79069
0.0284467, -3.79508
-0.0112746, -3.79914
-0.0510879, -3.80286
-0.0909897, -3.80624
-0.130976, -3.80928
-0.171044, -3.81196
-0.211188, -3.81428
-0.251405, -3.81624
-0.29169, -3.81784
-0.33204, -3.81906
-0.372449, -3.81991
-0.412913, -3.82037
-0.453427, -3.82045
-0.493986, -3.82013
-0.534585, -3.81941
-0.575219, -3.8183
-0.615882, -3.81677
-0.656568, -3.81483
-0.697272, -3.81247
-0.737989, -3.80969
-0.778711, -3.80648
-0.819433, -3.80284
-0.860148, -3.79876
-0.90085, -3.79424
-0.941533, -3.78927
-0.982188, -3.78385
-1.02281, -3.77797
-1.06339, -3.77163
-1.10392, -3.76482
-1.1444, -3.75755
-1.18482, -3.7498
-1.22516, -3.74157
-1.26542, -3.73286
-1.3056, -3.72367
-1.34568, -3.71399
-1.38566, -3.70381
-1.42553, -3.69314
-1.46527, -3.68197
-1.50489, -3.67029
-1.54437, -3.65811
-1.5837, -3.64542
-1.62288, -3.63223
-1.66189, -3.61852
-1.70073, -3.60429
-1.73938, -3.58955
-1.77784, -3.57429
-1.8161, -3.55852
-1.85415, -3.54222
-1.89197, -3.5254
-1.92957, -3.50806
-1.96692, -3.4902
-2.00403, -3.47181
-2.04087, -3.45291
-2.07745, -3.43348
-2.11374, -3.41353
-2.14975, -3.39307
-2.18546, -3.37208
-2.22087, -3.35058
-2.25595, -3.32857
-2.29071, -3.30605
-2.32514, -3.28301
-2.35922, -3.25947
-2.39295, -3.23543
-2.42632, -3.21089
-2.45931, -3.18585
-2.49193, -3.16033
-2.52416, -3.13431
-2.55599, -3.10782
-2.58742, -3.08084
-2.61844, -3.0534
-2.64904, -3.02549
-2.67921, -2.99712
-2.70895, -2.9683
-2.73825, -2.93903
-2.7671, -2.90932
-2.79549, -2.87918
-2.82343, -2.84861
-2.8509, -2.81762
-2.8779, -2.78622
-2.90442, -2.75442
-2.93046, -2.72222
-2.95601, -2.68963
-2.98108, -2.65667
-3.00564, -2.62334
-3.02971, -2.58964
-3.05328, -2.55559
-3.07634, -2.5212
-3.09889, -2.48647
-3.12093, -2.45142
-3.14246, -2.41606
-3.16347, -2.38038
-3.18396, -2.34441
-3.20394, -2.30815
-3.2234, -2.27162
-3.24233, -2.23481
-3.26075, -2.19775
-3.27864, -2.16044
-3.29601, -2.12288
-3.31286, -2.0851
-3.32919, -2.0471
-3.345, -2.00888
-3.3603, -1.97047
-3.37507, -1.93186
-3.38933, -1.89307
-3.40308, -1.8541
-3.41632, -1.81497
-3.42904, -1.77569
-3.44126, -1.73625
-3.45298, -1.69668
-3.46419, -1.65699
-3.4749, -1.61717
-3.48512, -1.57724
-3.49485, -1.5372
-3.50409, -1.49708
-3.51285, -1.45686
-3.52112, -1.41657
-3.52892, -1.37621
-3.53624, -1.33578
-3.54309, -1.2953
-3.54949, -1.25477
-3.55542, -1.21419
-3.56089, -1.17359
-3.56592, -1.13296
-3.57049, -1.09231
-3.57463, -1.05164
-3.57833, -1.01097
-3.5816, -0.970299
-3.58444, -0.929633
-3.58685, -0.888979
-3.58886, -0.848342
-3.59044, -0.807729
-3.59163, -0.767145
-3.5924, -0.726595
-3.59279, -0.686085
-3.59278, -0.645619
-3.59238, -0.605204
-3.5916, -0.564843
-3.59045, -0.52454
-3.58892, -0.484302
-3.58703, -0.444132
-3.58477, -0.404034
-3.58216, -0.364012
-3.5792, -0.324071
-3.5759, -0.284214
-3.57225, -0.244445
-3.56826, -0.204767
-3.56395, -0.165185
-3.5593, -0.1257
-3.55434, -0.0863176
-3.54906, -0.0470395
-3.54347, -0.00786903
-3.53757, 0.0311909
-3.53137, 0.0701377
-3.52487, 0.108968
-3.51808, 0.147681
-3.511, 0.186272
-3.50364, 0.22474
-3.496, 0.263083
-3.48808, 0.301297
-3.4799, 0.339382
-3.47144, 0.377335
-3.46273, 0.415155
-3.45376, 0.452838
-3.44454, 0.490385
-3.43507, 0.527793
-3.42535, 0.56506
-3.41539, 0.602185
-3.4052, 0.639166
-3.39478, 0.676003
-3.38412, 0.712694
-3.37324, 0.749237
-3.36214, 0.785632
-3.35083, 0.821877
-3.3393, 0.857971
-3.32756, 0.893914
-3.31561, 0.929704
-3.30347, 0.965341
-3.29112, 1.00082
-3.27858, 1.03615
-3.26584, 1.07132
-3.25292, 1.10634
-3.23981, 1.1412
-3.22652, 1.1759
-3.21306, 1.21044
-3.19941, 1.24482
-3.1856, 1.27905
-3.17161, 1.31311
-3.15746, 1.34702
-3.14314, 1.38076
-3.12866, 1.41434
-3.11403, 1.44777
-3.09924, 1.48103
-3.0843, 1.51413
-3.06921, 1.54707
-3.05398, 1.57985
-3.0386, 1.61246
-3.02308, 1.64492
-3.00742, 1.67721
-2.99162, 1.70934
-2.97569, 1.74131
-2.95963, 1.77311
-2.94345, 1.80476
-2.92713, 1.83624
-2.9107, 1.86756
-2.89414, 1.89872
-2.87746, 1.92971
-2.86066, 1.96055
-2.84375, 1.99122
-2.82673, 2.02174
-2.8096, 2.05209
-2.79236, 2.08228
-2.77501, 2.11231
-2.75756, 2.14218
-2.74001, 2.17189
-2.72236, 2.20144
-2.70461, 2.23083
-2.68676, 2.26006
-2.66882, 2.28914
-2.65079, 2.31805
-2.63266, 2.34681
-2.61445, 2.3754
-2.59615, 2.40384
-2.57777, 2.43212
-2.5593, 2.46025
-2.54075, 2.48822
-2.52212, 2.51603
-2.50341, 2.54369
-2.48462, 2.57119
-2.46576, 2.59853
-2.44682, 2.62572
-2.42782, 2.65276
-2.40874, 2.67964
-2.38959, 2.70637
-2.37038, 2.73294
-2.35109, 2.75937
-2.33175, 2.78564
-2.31234, 2.81176
-2.29286, 2.83772
-2.27333, 2.86354
-2.25374, 2.88921
-2.23409, 2.91472
-2.21438, 2.94009
-2.19462, 2.96531
-2.1748, 2.99037
-2.15493, 3.0153
-2.13501, 3.04007
-2.11503, 3.06469
-2.09501, 3.08917
-2.07494, 3.1135
-2.05482, 3.13769
-2.03465, 3.16173
-2.01444, 3.18563
-1.99419, 3.20938
-1.97389, 3.23299
-1.95356, 3.25645
-1.93318, 3.27977
-1.91276, 3.30295
-1.8923, 3.32599
-1.87181, 3.34888
-1.85127, 3.37164
-1.83071, 3.39425
-1.8101, 3.41672
-1.78947, 3.43906
-1.7688, 3.46125
-1.7481, 3.48331
-1.72736, 3.50523
-1.7066, 3.52701
-1.68581, 3.54865
-1.66499, 3.57016
-1.64414, 3.59153
-1.62326, 3.61276
-1.60236, 3.63386
-1.58144, 3.65482
-1.56048, 3.67565
-1.53951, 3.69635
-1.51851, 3.71691
-1.49749, 3.73734
-1.47645, 3.75764
-1.45539, 3.77781
-1.43431, 3.79784
-1.41321, 3.81774
-1.39209, 3.83752
-1.37095, 3.85716
-1.3498, 3.87667
-1.32863, 3.89606
-1.30744, 3.91531
-1.28624, 3.93444
-1.26502, 3.95344
-1.24379, 3.97231
-1.22255, 3.99106
-1.20129, 4.00967
-1.18003, 4.02817
-1.15875, 4.04654
-1.13746, 4.06478
-1.11616, 4.0829
-1.09485, 4.10089
-1.07353, 4.11876
-1.05221, 4.13651
-1.03087, 4.15413
-1.00953, 4.17164
-0.988185, 4.18902
-0.966831, 4.20628
-0.945471, 4.22341
-0.924106, 4.24043
-0.902737, 4.25733
-0.881364, 4.27411
-0.859986, 4.29076
-0.838606, 4.3073
-0.817223, 4.32372
-0.795839, 4.34003
-0.774452, 4.35621
-0.753064, 4.37228
-0.731676, 4.38823
-0.710287, 4.40407
-0.688898, 4.41979
-0.66751, 4.43539
-0.646124, 4.45088
-0.624738, 4.46625
-0.603355, 4.48151
-0.581974, 4.49666
-0.560596, 4.51169
-0.539221, 4.52661
-0.517849, 4.54142
-0.496482, 4.55611
-0.475119, 4.57069
-0.453761, 4.58517
-0.432408, 4.59952
-0.41106, 4.61377
-0.389719, 4.62791
-0.368384, 4.64194
-0.347055, 4.65586
-0.325734, 4.66967
-0.30442, 4.68337
-0.283114, 4.69696
-0.261816, 4.71045
-0.240527, 4.72383
-0.219246, 4.73709
-0.197974, 4.75026
-0.176712, 4.76331
-0.15546, 4.77626
-0.134218, 4.78911
-0.112987, 4.80184
-0.0917657, 4.81448
-0.0705561, 4.82701
-0.0493579, 4.83943
-0.0281714, 4.85175
-0.00699691, 4.86397
0.0141652, 4.87608
0.0353147, 4.88809
0.0564512, 4.89999
0.0775745, 4.9118
0.0986843, 4.9235
0.11978, 4.9351
0.140862, 4.9466
0.16193, 4.958
0.182983, 4.9693
0.204021, 4.98049
0.225044, 4.99159
0.246051, 5.00259
0.267043, 5.01349
0.288019, 5.02428
0.308978, 5.03498
0.329921, 5.04559
0.350848, 5.05609
0.371757, 5.0665
0.392649, 5.0768
0.413524, 5.08702
0.434381, 5.09713
0.45522, 5.10715
0.476041, 5.11707
0.496844, 5.12689
0.517628, 5.13663
0.538393, 5.14626
0.559139, 5.1558
0.579865, 5.16524
0.600573, 5.1746
0.62126, 5.18385
0.641927, 5.19301
0.662574, 5.20208
0.683201, 5.21106
0.703808, 5.21994
0.724393, 5.22873
0.744957, 5.23743
0.7655, 5.24604
0.786022, 5.25455
0.806522, 5.26297
0.827001, 5.2713
0.847457, 5.27954
0.867891, 5.28769
0.888303, 5.29575
0.908692, 5.30372
0.929058, 5.3116
0.949401, 5.31939
0.969722, 5.32709
0.990019, 5.3347
1.01029, 5.34223
1.03054, 5.34966
1.05077, 5.35701
1.07097, 5.36426
1.09115, 5.37143
1.1113, 5.37852
1.13143, 5.38551
1.15153, 5.39242
1.17161, 5.39924
1.19167, 5.40598
1.21169, 5.41262
1.2317, 5.41919
1.25168, 5.42566
1.27163, 5.43206
1.29155, 5.43836
1.31145, 5.44458
1.33133, 5.45072
1.35118, 5.45677
1.371, 5.46274
1.39079, 5.46863
1.41056, 5.47443
1.4303, 5.48014
1.45001, 5.48578
1.4697, 5.49133
1.48936, 5.4968
1.50899, 5.50218
1.52859, 5.50748
1.54817, 5.51271
1.56772, 5.51784
1.58724, 5.5229
1.60673, 5.52788
1.62619, 5.53277
1.64563, 5.53759
1.66503, 5.54232
1.68441, 5.54697
1.70376, 5.55154
1.72308, 5.55604
1.74237, 5.56045
1.76163, 5.56478
1.78086, 5.56903
1.80006, 5.57321
1.81924, 5.5773
1.83838, 5.58132
1.85749, 5.58525
1.87657, 5.58911
1.89563, 5.59289
1.91465, 5.5966
1.93364, 5.60022
1.9526, 5.60377
1.97153, 5.60724
1.99043, 5.61063
2.0093, 5.61395
2.02814, 5.61719
2.04694, 5.62035
2.06572, 5.62344
2.08446, 5.62645
2.10318, 5.62938
2.12186, 5.63224
2.14051, 5.63502
2.15912, 5.63773
2.17771, 5.64036
2.19626, 5.64292
2.21478, 5.6454
2.23327, 5.64781
2.25173, 5.65015
2.27015, 5.65241
2.28854, 5.65459
2.3069, 5.6567
2.32523, 5.65874
2.34352, 5.66071
2.36178, 5.6626
2.38001, 5.66441
2.3982, 5.66616
2.41636, 5.66783
2.43449, 5.66943
2.45258, 5.67096
2.47064, 5.67241
2.48867, 5.6738
2.50666, 5.67511
2.52462, 5.67635
2.54254, 5.67752
2.56043, 5.67861
2.57829, 5.67964
2.59611, 5.68059
2.6139, 5.68148
2.63165, 5.68229
2.64937, 5.68303
2.66705, 5.68371
2.6847, 5.68431
2.70232, 5.68484
2.71989, 5.6853
2.73744, 5.6857
2.75495, 5.68602
2.77242, 5.68627
2.78986, 5.68646
2.80726, 5.68658
2.82463, 5.68662
2.84196, 5.6866
2.85926, 5.68651
2.87652, 5.68635
2.89374, 5.68613
2.91093, 5.68583
2.92808, 5.68547
2.9452, 5.68504
2.96228, 5.68454
2.97932, 5.68398
2.99633, 5.68334
3.0133, 5.68264
3.03023, 5.68188
3.04713, 5.68104
3.06399, 5.68014
3.08081, 5.67918
3.0976, 5.67814
3.11435, 5.67705
3.13106, 5.67588
3.14774, 5.67465
3.16438, 5.67335
3.18098, 5.67199
3.19754, 5.67056
3.21407, 5.66907
3.23056, 5.66751
3.24701, 5.66589
3.26342, 5.6642
3.2798, 5.66245
3.29613, 5.66063
3.31243, 5.65875
3.32869, 5.6568
3.34492, 5.65479
3.3611, 5.65271
3.37725, 5.65058
3.39336, 5.64837
3.40943, 5.64611
3.42546, 5.64378
3.44145, 5.64138
3.4574, 5.63893
3.47332, 5.63641
3.48919, 5.63383
3.50503, 5.63118
3.52083, 5.62847
3.53659, 5.6257
3.55231, 5.62287
3.56799, 5.61998
3.58363, 5.61702
3.59923, 5.614
3.6148, 5.61092
3.63032, 5.60777
3.6458, 5.60457
3.66125, 5.6013
3.67665, 5.59797
3.69201, 5.59459
3.70734, 5.59114
3.72262, 5.58762
3.73786, 5.58405
3.75307, 5.58042
3.76823, 5.57672
3.78335, 5.57297
3.79844, 5.56916
3.81348, 5.56528
3.82848, 5.56135
3.84344, 5.55735
3.85836, 5.5533
3.87324, 5.54918
3.88808, 5.54501
3.90288, 5.54077
3.91763, 5.53648
3.93235, 5.53212
3.94702, 5.52771
3.96166, 5.52324
3.97625, 5.51871
3.9908, 5.51412
4.00531, 5.50947
4.01978, 5.50477
4.0342, 5.5
4.04859, 5.49518
4.06293, 5.49029
4.07723, 5.48535
4.09149, 5.48036
4.10571, 5.4753
4.11988, 5.47019
4.13401, 5.46501
4.1481, 5.45978
4.16215, 5.4545
4.17616, 5.44915
4.19012, 5.44375
4.20404, 5.43829
4.21792, 5.43278
4.23176, 5.4272
4.24555, 5.42157
4.2593, 5.41589
4.27301, 5.41014
4.28667, 5.40434
4.30029, 5.39849
4.31387, 5.39257
4.32741, 5.3866
4.3409, 5.38058
4.35435, 5.3745
4.36775, 5.36836
4.38112, 5.36217
4.39443, 5.35592
4.40771, 5.34961
4.42094, 5.34325
4.43413, 5.33684
4.44727, 5.33037
4.46037, 5.32384
4.47343, 5.31726
4.48644, 5.31063
4.49941, 5.30393
4.51233, 5.29719
4.52521, 5.29039
4.53805, 5.28353
4.55084, 5.27662
4.56358, 5.26966
4.57628, 5.26264
4.58894, 5.25557
4.60155, 5.24844
4.61412, 5.24126
4.62664, 5.23403
4.63912, 5.22674
4.65155, 5.2194
4.66394, 5.212
4.67628, 5.20455
4.68858, 5.19705
4.70083, 5.18949
4.71304, 5.18188
4.7252, 5.17422
4.73732, 5.1665
4.74939, 5.15874
4.76141, 5.15091
4.77339, 5.14304
4.78532, 5.13511
4.79721, 5.12713
4.80905, 5.1191
4.82085, 5.11102
4.8326, 5.10288
4.8443, 5.09469
4.85595, 5.08645
4.86757, 5.07815
4.87913, 5.06981
4.89065, 5.06141
4.90212, 5.05296
4.91354, 5.04446
4.92492, 5.03591
4.93625, 5.0273
4.94753, 5.01865
4.95877, 5.00994
4.96996, 5.00118
4.9811, 4.99237
4.99219, 4.98351
5.00324, 4.9746
5.01424, 4.96564
5.0252, 4.95662
5.0361, 4.94756
5.04696, 4.93845
5.05777, 4.92928
5.06853, 4.92006
5.07925, 4.9108
5.08991, 4.90148
5.10053, 4.89211
5.1111, 4.8827
5.12162, 4.87323
5.1321, 4.86371
5.14253, 4.85415
5.1529, 4.84453
5.16323, 4.83486
5.17351, 4.82515
5.18374, 4.81538
5.19393, 4.80557
5.20406, 4.7957
5.21415, 4.78579
5.22418, 4.77582
5.23417, 4.76581
5.24411, 4.75575
5.254, 4.74564
5.26384, 4.73548
5.27363, 4.72527
5.28337, 4.71501
5.29306, 4.70471
5.3027, 4.69435
5.3123, 4.68395
5.32184, 4.6735
5.33133, 4.663
5.34077, 4.65245
5.35017, 4.64186
5.35951, 4.63121
5.3688, 4.62052
5.37804, 4.60978
5.38723, 4.59899
5.39638, 4.58815
5.40547, 4.57727
5.41451, 4.56634
5.4235, 4.55536
5.43243, 4.54433
5.44132, 4.53326
5.45016, 4.52214
5.45894, 4.51097
5.46768, 4.49975
5.47636, 4.48849
5.48499, 4.47718
5.49357, 4.46583
5.5021, 4.45442
5.51058, 4.44297
5.519, 4.43147
5.52738, 4.41993
5.5357, 4.40834
5.54397, 4.3967
5.55219, 4.38502
5.56035, 4.37329
5.56846, 4.36151
5.57653, 4.34969
5.58453, 4.33782
5.59249, 4.32591
5.60039, 4.31395
5.60824, 4.30194
5.61604, 4.28989
5.62379, 4.27779
5.63148, 4.26565
5.63912, 4.25346
5.6467, 4.24123
5.65424, 4.22895
5.66172, 4.21662
5.66914, 4.20425
5.67651, 4.19183
5.68383, 4.17937
5.6911, 4.16687
5.69831, 4.15432
5.70546, 4.14172
5.71257, 4.12908
5.71962, 4.11639
5.72661, 4.10366
5.73355, 4.09089
5.74044, 4.07807
5.74727, 4.06521
5.75405, 4.0523
5.76077, 4.03934
5.76743, 4.02635
5.77405, 4.01331
5.7806, 4.00022
5.78711, 3.98709
5.79355, 3.97392
5.79994, 3.9607
5.80628, 3.94744
5.81256, 3.93413
5.81879, 3.92079
5.82495, 3.90739
5.83107, 3.89396
5.83713, 3.88048
5.84313, 3.86696
5.84907, 3.85339
5.85496, 3.83978
5.86079, 3.82613
5.86657, 3.81243
5.87229, 3.7987
5.87795, 3.78492
5.88356, 3.77109
5.88911, 3.75722
5.8946, 3.74331
5.90003, 3.72936
5.90541, 3.71537
5.91073, 3.70133
5.91599, 3.68725
5.9212, 3.67313
5.92635, 3.65896
5.93144, 3.64476
5.93647, 3.63051
5.94144, 3.61622
5.94636, 3.60188
5.95121, 3.58751
5.95601, 3.57309
5.96075, 3.55863
5.96544, 3.54413
5.97006, 3.52959
5.97462, 3.51501
5.97913, 3.50038
5.98358, 3.48572
5.98796, 3.47101
5.99229, 3.45626
5.99656, 3.44147
6.00077, 3.42664
6.00492, 3.41177
6.00901, 3.39685
6.01304, 3.3819
6.01701, 3.36691
6.02092, 3.35187
6.02477, 3.33679
6.02856, 3.32168
6.03229, 3.30652
6.03595, 3.29132
6.03956, 3.27608
6.04311, 3.26081
6.04659, 3.24549
6.05002, 3.23013
6.05338, 3.21473
6.05668, 3.19929
6.05992, 3.18381
6.0631, 3.16829
6.06622, 3.15274
6.06927, 3.13714
6.07226, 3.1215
6.0752, 3.10582
6.07806, 3.09011
6.08087, 3.07435
6.08361, 3.05855
6.08629, 3.04272
6.08891, 3.02685
6.09147, 3.01093
6.09396, 2.99498
6.09639, 2.97899
6.09875, 2.96296
6.10106, 2.94689
6.10329, 2.93079
6.10547, 2.91464
6.10758, 2.89846
6.10963, 2.88223
6.11161, 2.86597
6.11353, 2.84967
6.11538, 2.83334
6.11717, 2.81696
6.1189, 2.80055
6.12056, 2.7841
6.12215, 2.76761
6.12368, 2.75108
6.12514, 2.73452
6.12654, 2.71791
6.12788, 2.70127
6.12914, 2.6846
6.13034, 2.66788
6.13148, 2.65113
6.13255, 2.63434
6.13355, 2.61751
6.13449, 2.60065
6.13536, 2.58375
6.13616, 2.56681
6.1369, 2.54984
6.13757, 2.53283
6.13817, 2.51578
6.1387, 2.4987
6.13917, 2.48158
6.13957, 2.46442
6.1399, 2.44723
6.14016, 2.43
6.14036, 2.41273
6.14049, 2.39543
6.14054, 2.37809
6.14053, 2.36072
6.14045, 2.34331
6.14031, 2.32587
6.14009, 2.30839
6.1398, 2.29087
6.13945, 2.27332
6.13902, 2.25574
6.13852, 2.23811
6.13796, 2.22046
6.13732, 2.20277
6.13662, 2.18504
6.13584, 2.16728
6.13499, 2.14948
6.13408, 2.13165
6.13309, 2.11379
6.13203, 2.09589
6.1309, 2.07795
6.12969, 2.05999
6.12842, 2.04198
6.12707, 2.02395
6.12565, 2.00588
6.12416, 1.98777
6.1226, 1.96963
6.12096, 1.95146
6.11925, 1.93326
6.11747, 1.91502
6.11562, 1.89675
6.11369, 1.87844
6.11169, 1.86011
6.10961, 1.84173
6.10746, 1.82333
6.10524, 1.80489
6.10294, 1.78642
6.10057, 1.76792
6.09813, 1.74939
6.0956, 1.73082
6.09301, 1.71222
6.09034, 1.69359
6.08759, 1.67492
6.08477, 1.65623
6.08187, 1.6375
6.07889, 1.61874
6.07584, 1.59995
6.07272, 1.58113
6.06951, 1.56227
6.06623, 1.54339
6.06288, 1.52447
6.05944, 1.50553
6.05593, 1.48655
6.05234, 1.46754
6.04867, 1.4485
6.04493, 1.42943
6.04111, 1.41033
6.0372, 1.3912
6.03322, 1.37204
6.02916, 1.35285
6.02503, 1.33363
6.02081, 1.31437
6.01651, 1.29509
6.01213, 1.27578
6.00768, 1.25644
6.00314, 1.23708
5.99852, 1.21768
5.99383, 1.19825
5.98905, 1.17879
5.98419, 1.15931
5.97925, 1.1398
5.97422, 1.12025
5.96912, 1.10068
5.96393, 1.08109
5.95866, 1.06146
5.95331, 1.04181
5.94788, 1.02212
5.94236, 1.00241
5.93676, 0.982676
5.93108, 0.962912
5.92531, 0.94312
5.91946, 0.923301
5.91353, 0.903455
5.90751, 0.883583
5.90141, 0.863683
5.89522, 0.843758
5.88894, 0.823806
5.88259, 0.803828
5.87614, 0.783824
5.86961, 0.763794
5.863, 0.743739
5.85629, 0.723658
5.8495, 0.703551
5.84263, 0.68342
5.83567, 0.663263
5.82862, 0.643082
5.82148, 0.622876
5.81425, 0.602646
5.80694, 0.582391
5.79954, 0.562112
5.79205, 0.541809
5.78447, 0.521483
5.7768, 0.501133
5.76904, 0.480759
5.76119, 0.460362
5.75325, 0.439942
5.74523, 0.4195
5.73711, 0.399034
5.7289, 0.378546
5.7206, 0.358036
5.71221, 0.337504
5.70372, 0.31695
5.69515, 0.296374
5.68648, 0.275777
5.67772, 0.255158
5.66886, 0.234518
5.65992, 0.213858
5.65088, 0.193176
5.64174, 0.172475
5.63252, 0.151753
5.6232, 0.131011
5.61378, 0.110249
5.60427, 0.0894675
5.59466, 0.0686668
5.58496, 0.0478469
5.57516, 0.0270081
5.56527, 0.00615063
5.55528, -0.0147253
5.54519, -0.0356194
5.53501, -0.0565315
5.52473, -0.0774613
5.51435, -0.0984087
5.50387, -0.119373
5.4933, -0.140355
5.48262, -0.161353
5.47185, -0.182368
5.46098, -0.203399
5.45001, -0.224446
5.43894, -0.245509
5.42776, -0.266587
5.41649, -0.28768
5.40512, -0.308788
5.39364, -0.329911
5.38207, -0.351049
5.37039, -0.3722
5.35861, -0.393365
5.34673, -0.414544
5.33474, -0.435735
5.32265, -0.45694
5.31046, -0.478157
5.29816, -0.499387
5.28576, -0.520629
5.27326, -0.541882
5.26065, -0.563147
5.24793, -0.584423
5.23511, -0.605709
5.22218, -0.627006
5.20915, -0.648313
5.196, -0.66963
5.18276, -0.690956
5.1694, -0.712292
5.15594, -0.733636
5.14236, -0.754989
5.12868, -0.776349
5.11489, -0.797718
5.10099, -0.819093
5.08698, -0.840476
5.07286, -0.861865
5.05863, -0.883261
5.04429, -0.904662
5.02984, -0.926069
5.01527, -0.94748
5.00059, -0.968897
4.9858, -0.990318
4.9709, -1.01174
4.95589, -1.03317
4.94076, -1.0546
4.92551, -1.07604
4.91015, -1.09747
4.89468, -1.11891
4.87909, -1.14035
4.86339, -1.16179
4.84756, -1.18323
4.83163, -1.20467
4.81557, -1.22611
4.7994, -1.24755
4.78311, -1.26899
4.7667, -1.29042
4.75017, -1.31186
4.73353, -1.33329
4.71676, -1.35471
4.69987, -1.37614
4.68287, -1.39756
4.66574, -1.41897
4.64849, -1.44038
4.63112, -1.46178
4.61362, -1.48318
4.59601, -1.50457
4.57827, -1.52595
4.56041, -1.54732
4.54242, -1.56869
4.52431, -1.59004
4.50607, -1.61139
4.48771, -1.63272
4.46922, -1.65405
4.45061, -1.67536
4.43187, -1.69666
4.413, -1.71795
4.39401, -1.73922
4.37488, -1.76048
4.35563, -1.78173
4.33625, -1.80296
4.31674, -1.82417
4.2971, -1.84536
4.27733, -1.86654
4.25742, -1.8877
4.23739, -1.90884
4.21723, -1.92997
4.19693, -1.95107
4.1765, -1.97215
4.15593, -1.99321
4.13523, -2.01424
4.1144, -2.03525
4.09343, -2.05624
4.07233, -2.0772
4.05109, -2.09814
4.02972, -2.11905
4.00821, -2.13993
3.98656, -2.16078
3.96477, -2.18161
3.94285, -2.2024
3.92079, -2.22317
3.89858, -2.2439
3.87624, -2.2646
3.85376, -2.28526
3.83114, -2.30589
3.80837, -2.32649
3.78547, -2.34704
3.76242, -2.36757
3.73923, -2.38805
3.7159, -2.40849
3.69242, -2.42889
3.6688, -2.44925
3.64504, -2.46957
3.62113, -2.48984
3.59707, -2.51007
3.57287, -2.53025
3.54852, -2.55039
3.52402, -2.57047
3.49938, -2.59051
3.47459, -2.6105
3.44965, -2.63043
3.42457, -2.65031
3.39933, -2.67014
3.37394, -2.68991
3.3484, -2.70962
3.32272, -2.72928
3.29688, -2.74888
3.27089, -2.76841
3.24475, -2.78789
3.21845, -2.8073
3.192, -2.82664
3.1654, -2.84592
3.13865, -2.86513
3.11174, -2.88427
3.08467, -2.90334
3.05745, -2.92234
3.03008, -2.94127
3.00255, -2.96011
2.97486, -2.97889
2.94702, -2.99758
2.91902, -3.01619
2.89086, -3.03472
2.86255, -3.05317
2.83407, -3.07153
2.80544, -3.0898
2.77665, -3.10799
2.7477, -3.12608
2.71859, -3.14409
2.68932, -3.16199
2.6599, -3.1798
2.63031, -3.19752
2.60056, -3.21513
2.57065, -3.23264
2.54057, -3.25004
2.51034, -3.26734
2.47995, -3.28453
2.44939, -3.30161
2.41867, -3.31858
2.38779, -3.33543
2.35675, -3.35216
2.32554, -3.36878
2.29418, -3.38527
2.26265, -3.40164
2.23096, -3.41788
2.1991, -3.43399
2.16708, -3.44998
2.1349, -3.46582
2.10256, -3.48154
2.07005, -3.49711
2.03738, -3.51254
2.00455, -3.52782
1.97156, -3.54296
1.9384, -3.55795
1.90509, -3.57279
1.87161, -3.58747
1.83797, -3.60199
1.80416, -3.61636
1.7702, -3.63055
1.73608, -3.64458
1.70179, -3.65844
1.66735, -3.67213
1.63275, -3.68564
1.59798, -3.69897
1.56306, -3.71212
1.52799, -3.72508
1.49275, -3.73785
1.45736, -3.75043
1.42181, -3.76281
1.38611, -3.77499
1.35025, -3.78697
1.31425, -3.79874
1.27808, -3.8103
1.24177, -3.82165
1.20531, -3.83278
1.1687, -3.84368
1.13194, -3.85436
1.09503, -3.86481
1.05798, -3.87503
1.02079, -3.88501
0.98345, -3.89474
0.945972, -3.90423
0.908354, -3.91347
0.8706, -3.92246
0.832709, -3.93119
0.794684, -3.93965
0.756528, -3.94785
0.718241, -3.95577
0.679827, -3.96342
0.641286, -3.97079
0.602623, -3.97787
0.563838, -3.98467
0.524936, -3.99116
0.485917, -3.99736
0.446785, -4.00326
0.407542, -4.00884
0.368193, -4.01412
0.328738, -4.01907
0.289183, -4.0237
0.24953, -4.02801
0.209782, -4.03197
0.169942, -4.03561
0.130016, -4.03889
0.0900056, -4.04183
0.0499156, -4.04442
0.00974973, -4.04665
-0.0304877, -4.04851
-0.0707925, -4.05001
-0.11116, -4.05113
-0.151586, -4.05187
-0.192065, -4.05223
-0.232594, -4.0522
-0.273165, -4.05178
-0.313776, -4.05096
-0.354419, -4.04973
-0.39509, -4.04809
-0.435784, -4.04604
-0.476493, -4.04357
-0.517213, -4.04067
-0.557937, -4.03734
-0.598659, -4.03358
-0.639373, -4.02939
-0.680072, -4.02474
-0.720749, -4.01965
-0.761397, -4.01411
-0.80201, -4.0081
-0.84258, -4.00164
-0.883099, -3.99471
-0.923561, -3.9873
-0.963958, -3.97942
-1.00428, -3.97107
-1.04452, -3.96223
-1.08468, -3.9529
-1.12473, -3.94308
-1.16468, -3.93277
-1.20452, -3.92197
-1.24423, -3.91066
-1.28381, -3.89885
-1.32326, -3.88653
-1.36255, -3.8737
-1.40168, -3.86037
-1.44065, -3.84652
-1.47944, -3.83215
-1.51804, -3.81727
-1.55645, -3.80187
-1.59465, -3.78595
-1.63264, -3.76951
-1.6704, -3.75255
-1.70793, -3.73507
-1.74522, -3.71706
-1.78226, -3.69854
-1.81903, -3.67949
-1.85553, -3.65992
-1.89175, -3.63983
-1.92768, -3.61923
-1.96331, -3.5981
-1.99863, -3.57646
-2.03363, -3.55431
-2.0683, -3.53165
-2.10263, -3.50847
-2.13662, -3.4848
-2.17025, -3.46062
-2.20352, -3.43594
-2.23641, -3.41077
-2.26892, -3.38511
-2.30104, -3.35897
-2.33277, -3.33234
-2.36409, -3.30524
-2.39499, -3.27767
-2.42548, -3.24963
-2.45553, -3.22114
-2.48515, -3.1922
-2.51433, -3.16281
-2.54305, -3.13298
-2.57132, -3.10272
-2.59913, -3.07203
-2.62648, -3.04093
-2.65335, -3.00942
-2.67974, -2.97751
-2.70564, -2.94521
-2.73106, -2.91252
-2.75599, -2.87945
-2.78042, -2.84602
-2.80436, -2.81223
-2.82779, -2.77809
-2.85071, -2.7436
-2.87312, -2.70879
-2.89502, -2.67365
-2.91641, -2.6382
-2.93728, -2.60245
-2.95763, -2.5664
-2.97747, -2.53006
-2.99678, -2.49345
-3.01557, -2.45658
-3.03385, -2.41944
-3.0516, -2.38207
-3.06883, -2.34445
-3.08554, -2.30661
-3.10173, -2.26855
-3.1174, -2.23028
-3.13255, -2.19181
-3.14719, -2.15315
-3.16131, -2.11431
-3.17491, -2.0753
-3.18801, -2.03613
-3.2006, -1.9968
-3.21268, -1.95733
-3.22426, -1.91773
-3.23534, -1.878
-3.24592, -1.83815
-3.256, -1.79819
-3.2656, -1.75813
-3.2747, -1.71798
-3.28333, -1.67775
-3.29147, -1.63744
-3.29914, -1.59706
-3.30634, -1.55661
-3.31307, -1.51612
-3.31933, -1.47558
-3.32514, -1.435
-3.33049, -1.39439
-3.33539, -1.35375
-3.33985, -1.3131
-3.34387, -1.27243
-3.34745, -1.23176
-3.3506, -1.19109
-3.35333, -1.15043
-3.35563, -1.10978
-3.35752, -1.06915
-3.359, -1.02855
-3.36007, -0.987972
-3.36074, -0.947434
-3.36102, -0.906937
-3.36091, -0.866486
-3.36041, -0.826086
-3.35953, -0.785741
-3.35827, -0.745458
-3.35665, -0.705239
-3.35466, -0.665089
-3.35231, -0.625013
-3.3496, -0.585014
-3.34655, -0.545097
-3.34315, -0.505265
-3.33941, -0.465521
-3.33533, -0.425871
-3.33093, -0.386316
-3.3262, -0.34686
-3.32115, -0.307507
-3.31579, -0.268259
-3.31011, -0.22912
-3.30413, -0.190092
-3.29785, -0.151177
-3.29128, -0.11238
-3.28441, -0.0737014
-3.27726, -0.0351446
-3.26982, 0.00328825
-3.2621, 0.041595
-3.25412, 0.0797734
-3.24586, 0.117821
-3.23734, 0.155737
-3.22856, 0.193519
-3.21952, 0.231164
-3.21023, 0.268672
-3.20069, 0.306041
-3.19091, 0.343268
-3.18089, 0.380353
-3.17064, 0.417294
-3.16015, 0.454091
-3.14944, 0.49074
-3.1385, 0.527242
-3.12734, 0.563596
-3.11597, 0.599799
-3.10439, 0.635851
-3.09259, 0.671752
-3.08059, 0.707499
-3.06839, 0.743093
-3.056, 0.778533
-3.0434, 0.813817
-3.03062, 0.848945
-3.01765, 0.883917
-3.00449, 0.918731
-2.99116, 0.953388
-2.97764, 0.987886
-2.96395, 1.02223
-2.95009, 1.05641
-2.93606, 1.09043
-2.92187, 1.12429
-2.90751, 1.15799
-2.89299, 1.19153
-2.87832, 1.22491
-2.86349, 1.25812
-2.84851, 1.29118
-2.83338, 1.32407
-2.81811, 1.35681
-2.80269, 1.38938
-2.78714, 1.42179
-2.77144, 1.45404
-2.75561, 1.48612
-2.73965, 1.51804
-2.72356, 1.54981
-2.70734, 1.58141
-2.69099, 1.61284
-2.67453, 1.64412
-2.65794, 1.67523
-2.64123, 1.70619
-2.6244, 1.73698
-2.60747, 1.76761
-2.59042, 1.79808
-2.57326, 1.82838
-2.55599, 1.85853
-2.53862, 1.88852
-2.52114, 1.91835
-2.50356, 1.94801
-2.48589, 1.97752
-2.46811, 2.00687
-2.45024, 2.03605
-2.43228, 2.06508
-2.41422, 2.09395
-2.39607, 2.12267
-2.37784, 2.15122
-2.35952, 2.17962
-2.34111, 2.20786
-2.32262, 2.23594
-2.30405, 2.26386
-2.2854, 2.29163
-2.26668, 2.31925
-2.24787, 2.34671
-2.22899, 2.37401
-2.21004, 2.40116
-2.19101, 2.42815
-2.17192, 2.45499
-2.15275, 2.48168
-2.13352, 2.50821
-2.11422, 2.5346
-2.09486, 2.56082
-2.07544, 2.5869
-2.05595, 2.61283
-2.0364, 2.6386
-2.0168, 2.66423
-1.99713, 2.68971
-1.97741, 2.71503
-1.95763, 2.74021
-1.9378, 2.76524
-1.91792, 2.79012
-1.89799, 2.81485
-1.878, 2.83944
-1.85797, 2.86387
-1.83788, 2.88817
-1.81775, 2.91231
-1.79758, 2.93632
-1.77736, 2.96017
-1.7571, 2.98389
-1.73679, 3.00746
-1.71644, 3.03088
-1.69605, 3.05416
-1.67563, 3.0773
-1.65516, 3.1003
-1.63466, 3.12316
-1.61412, 3.14588
-1.59354, 3.16845
-1.57293, 3.19089
-1.55229, 3.21319
-1.53161, 3.23534
-1.5109, 3.25736
-1.49016, 3.27924
-1.46939, 3.30099
-1.4486, 3.32259
-1.42777, 3.34406
-1.40692, 3.3654
-1.38603, 3.38659
-1.36513, 3.40766
-1.3442, 3.42859
-1.32324, 3.44938
-1.30226, 3.47004
-1.28126, 3.49057
-1.26023, 3.51096
-1.23919, 3.53122
-1.21812, 3.55136
-1.19704, 3.57135
-1.17593, 3.59122
-1.15481, 3.61096
-1.13367, 3.63057
-1.11251, 3.65005
-1.09134, 3.6694
-1.07015, 3.68862
-1.04895, 3.70771
-1.02773, 3.72668
-1.0065, 3.74552
-0.985254, 3.76423
-0.963997, 3.78281
-0.942728, 3.80127
-0.921448, 3.81961
-0.900158, 3.83782
-0.878858, 3.8559
-0.857548, 3.87386
-0.836229, 3.8917
-0.814903, 3.90942
-0.793568, 3.92701
-0.772227, 3.94448
-0.750879, 3.96183
-0.729525, 3.97905
-0.708165, 3.99616
-0.6868, 4.01315
-0.665431, 4.03001
-0.644058, 4.04676
-0.622681, 4.06338
-0.601302, 4.07989
-0.57992, 4.09628
-0.558536, 4.11255
-0.53715, 4.12871
-0.515763, 4.14475
-0.494376, 4.16067
-0.472989, 4.17647
-0.451602, 4.19216
-0.430215, 4.20773
-0.40883, 4.22319
-0.387447, 4.23854
-0.366065, 4.25377
-0.344686, 4.26888
-0.32331, 4.28389
-0.301937, 4.29877
-0.280568, 4.31355
-0.259203, 4.32822
-0.237843, 4.34277
-0.216487, 4.35721
-0.195137, 4.37154
-0.173792, 4.38576
-0.152454, 4.39987
-0.131122, 4.41387
-0.109797, 4.42776
-0.0884783, 4.44154
-0.0671677, 4.45522
-0.0458649, 4.46878
-0.0245703, 4.48224
-0.00328432, 4.49559
0.0179928, 4.50883
0.0392606, 4.52196
0.0605189, 4.53499
0.0817673, 4.54791
0.103005, 4.56073
0.124233, 4.57344
0.14545, 4.58604
0.166655, 4.59855
0.187849, 4.61094
0.209031, 4.62323
0.230201, 4.63542
0.251359, 4.64751
0.272504, 4.65949
0.293636, 4.67137
0.314755, 4.68315
0.33586, 4.69482
0.356951, 4.7064
0.378028, 4.71787
0.399091, 4.72924
0.420139, 4.74051
0.441172, 4.75169
0.462189, 4.76276
0.483192, 4.77373
0.504178, 4.7846
0.525149, 4.79537
0.546103, 4.80605
0.56704, 4.81662
0.587961, 4.8271
0.608865, 4.83748
0.629752, 4.84777
0.650621, 4.85795
0.671472, 4.86804
0.692306, 4.87803
0.713121, 4.88793
0.733917, 4.89773
0.754695, 4.90744
0.775454, 4.91705
0.796194, 4.92656
0.816915, 4.93598
0.837616, 4.94531
0.858297, 4.95454
0.878958, 4.96368
0.899599, 4.97273
0.920219, 4.98168
0.940819, 4.99054
0.961398, 4.9993
0.981956, 5.00798
1.00249, 5.01656
1.02301, 5.02505
1.0435, 5.03345
1.06397, 5.04176
1.08442, 5.04997
1.10485, 5.0581
1.12525, 5.06614
1.14564, 5.07408
1.166, 5.08194
1.18633, 5.0897
1.20665, 5.09738
1.22694, 5.10497
1.2472, 5.11247
1.26744, 5.11988
1.28766, 5.1272
1.30786, 5.13444
1.32803, 5.14159
1.34817, 5.14865
1.3683, 5.15562
1.38839, 5.16251
1.40846, 5.1693
1.42851, 5.17602
1.44853, 5.18264
1.46853, 5.18919
1.4885, 5.19564
1.50844, 5.20201
1.52836, 5.2083
1.54825, 5.2145
1.56812, 5.22061
1.58796, 5.22664
1.60777, 5.23259
1.62756, 5.23845
1.64732, 5.24423
1.66705, 5.24993
1.68676, 5.25554
1.70644, 5.26107
1.72609, 5.26651
1.74571, 5.27188
1.76531, 5.27716
1.78488, 5.28236
1.80442, 5.28748
1.82393, 5.29252
1.84341, 5.29747
1.86287, 5.30234
1.88229, 5.30714
1.90169, 5.31185
1.92106, 5.31648
1.9404, 5.32103
1.95971, 5.3255
1.97899, 5.3299
1.99825, 5.33421
2.01747, 5.33844
2.03666, 5.34259
2.05583, 5.34667
2.07496, 5.35067
2.09406, 5.35458
2.11314, 5.35842
2.13218, 5.36218
2.1512, 5.36587
2.17018, 5.36947
2.18913, 5.373
2.20805, 5.37645
2.22694, 5.37982
2.2458, 5.38312
2.26463, 5.38634
2.28343, 5.38948
2.3022, 5.39255
2.32093, 5.39554
2.33964, 5.39846
2.35831, 5.40129
2.37695, 5.40406
2.39556, 5.40675
2.41413, 5.40936
2.43268, 5.4119
2.45119, 5.41436
2.46967, 5.41675
2.48812, 5.41907
2.50653, 5.42131
2.52491, 5.42347
2.54326, 5.42557
2.56158, 5.42759
2.57986, 5.42953
2.59812, 5.4314
2.61633, 5.4332
2.63452, 5.43493
2.65267, 5.43659
2.67079, 5.43817
2.68887, 5.43968
2.70692, 5.44111
2.72494, 5.44248
2.74292, 5.44377
2.76087, 5.44499
2.77879, 5.44614
2.79667, 5.44722
2.81451, 5.44823
2.83233, 5.44917
2.8501, 5.45003
2.86785, 5.45083
2.88556, 5.45155
2.90323, 5.45221
2.92087, 5.45279
2.93847, 5.45331
2.95604, 5.45375
2.97358, 5.45413
2.99108, 5.45443
3.00854, 5.45467
3.02597, 5.45484
3.04336, 5.45494
3.06072, 5.45497
3.07804, 5.45493
3.09533, 5.45482
3.11258, 5.45464
3.12979, 5.4544
3.14697, 5.45409
3.16411, 5.45371
3.18122, 5.45326
3.19829, 5.45275
3.21532, 5.45216
3.23232, 5.45151
3.24928, 5.4508
3.26621, 5.45001
3.28309, 5.44916
3.29994, 5.44825
3.31676, 5.44726
3.33353, 5.44621
3.35027, 5.4451
3.36698, 5.44392
3.38364, 5.44267
3.40027, 5.44136
3.41686, 5.43998
3.43342, 5.43853
3.44993, 5.43702
3.46641, 5.43545
3.48285, 5.43381
3.49925, 5.4321
3.51562, 5.43034
3.53195, 5.4285
3.54824, 5.4266
3.56449, 5.42464
3.5807, 5.42261
3.59687, 5.42052
3.61301, 5.41837
3.62911, 5.41615
3.64517, 5.41387
3.66119, 5.41152
3.67717, 5.40911
3.69311, 5.40664
3.70902, 5.4041
3.72489, 5.40151
3.74071, 5.39885
3.7565, 5.39612
3.77225, 5.39334
3.78796, 5.39049
3.80363, 5.38758
3.81926, 5.3846
3.83485, 5.38157
3.8504, 5.37847
3.86592, 5.37531
3.88139, 5.37209
3.89682, 5.36881
3.91221, 5.36547
3.92757, 5.36206
3.94288, 5.3586
3.95815, 5.35507
3.97339, 5.35148
3.98858, 5.34783
4.00373, 5.34413
4.01885, 5.34036
4.03392, 5.33653
4.04895, 5.33264
4.06394, 5.32869
4.07889, 5.32467
4.0938, 5.3206
4.10867, 5.31647
4.1235, 5.31228
4.13828, 5.30804
4.15303, 5.30373
4.16773, 5.29936
4.1824, 5.29493
4.19702, 5.29045
4.2116, 5.2859
4.22614, 5.2813
4.24064, 5.27663
4.2551, 5.27191
4.26951, 5.26713
4.28388, 5.26229
4.29822, 5.2574
4.31251, 5.25244
4.32675, 5.24743
4.34096, 5.24236
4.35512, 5.23723
4.36925, 5.23204
4.38332, 5.2268
4.39736, 5.2215
4.41136, 5.21614
4.42531, 5.21072
4.43922, 5.20525
4.45309, 5.19972
4.46691, 5.19413
4.48069, 5.18849
4.49443, 5.18278
4.50813, 5.17703
4.52178, 5.17121
4.53539, 5.16534
4.54896, 5.15942
4.56248, 5.15343
4.57597, 5.14739
4.5894, 5.1413
4.6028, 5.13515
4.61615, 5.12894
4.62946, 5.12268
4.64272, 5.11636
4.65594, 5.10998
4.66912, 5.10355
4.68225, 5.09707
4.69534, 5.09053
4.70838, 5.08394
4.72138, 5.07729
4.73434, 5.07058
4.74725, 5.06382
4.76012, 5.05701
4.77294, 5.05014
4.78572, 5.04322
4.79846, 5.03624
4.81115, 5.02921
4.82379, 5.02212
4.83639, 5.01498
4.84895, 5.00779
4.86146, 5.00054
4.87393, 4.99323
4.88635, 4.98588
4.89872, 4.97847
4.91105, 4.97101
4.92334, 4.96349
4.93558, 4.95592
4.94778, 4.9483
4.95993, 4.94062
4.97203, 4.93289
4.98409, 4.92511
4.9961, 4.91728
5.00807, 4.90939
5.01999, 4.90145
5.03186, 4.89345
5.04369, 4.88541
5.05548, 4.87731
5.06721, 4.86916
5.0789, 4.86096
5.09055, 4.8527
5.10215, 4.8444
5.1137, 4.83604
5.1252, 4.82763
5.13666, 4.81916
5.14807, 4.81065
5.15944, 4.80209
5.17076, 4.79347
5.18203, 4.7848
5.19325, 4.77608
5.20443, 4.76731
5.21556, 4.75849
5.22664, 4.74961
5.23768, 4.74069
5.24867, 4.73171
5.25961, 4.72269
5.2705, 4.71361
5.28135, 4.70448
5.29215, 4.6953
5.3029, 4.68607
5.3136, 4.6768
5.32425, 4.66747
5.33486, 4.65809
5.34542, 4.64866
5.35593, 4.63918
5.36639, 4.62965
5.3768, 4.62007
5.38717, 4.61044
5.39749, 4.60076
5.40776, 4.59103
5.41797, 4.58125
5.42815, 4.57142
5.43827, 4.56155
5.44834, 4.55162
5.45836, 4.54164
5.46834, 4.53162
5.47827, 4.52155
5.48814, 4.51142
5.49797, 4.50125
5.50775, 4.49103
5.51748, 4.48076
5.52716, 4.47044
5.53678, 4.46008
5.54636, 4.44966
5.55589, 4.4392
5.56537, 4.42868
5.5748, 4.41812
5.58418, 4.40752
5.59351, 4.39686
5.60279, 4.38615
5.61202, 4.3754
5.6212, 4.3646
5.63033, 4.35375
5.63941, 4.34286
5.64843, 4.33191
5.65741, 4.32092
5.66634, 4.30988
5.67521, 4.2988
5.68403, 4.28767
5.69281, 4.27648
5.70153, 4.26526
5.7102, 4.25398
5.71882, 4.24266
5.72738, 4.23129
5.7359, 4.21988
5.74436, 4.20841
5.75278, 4.1969
5.76114, 4.18535
5.76944, 4.17375
5.7777, 4.1621
5.78591, 4.1504
5.79406, 4.13866
5.80216, 4.12687
5.81021, 4.11504
5.8182, 4.10316
5.82614, 4.09123
5.83403, 4.07926
5.84187, 4.06724
5.84966, 4.05518
5.85739, 4.04307
5.86507, 4.03091
5.87269, 4.01871
5.88026, 4.00647
5.88778, 3.99418
5.89525, 3.98184
5.90266, 3.96946
5.91002, 3.95703
5.91733, 3.94456
5.92458, 3.93204
5.93177, 3.91948
5.93892, 3.90687
5.94601, 3.89422
5.95304, 3.88152
5.96002, 3.86878
5.96695, 3.85599
5.97382, 3.84316
5.98064, 3.83029
5.9874, 3.81737
5.99411, 3.8044
6.00076, 3.79139
6.00736, 3.77834
6.0139, 3.76524
6.02039, 3.7521
6.02683, 3.73892
6.0332, 3.72569
6.03953, 3.71242
6.04579, 3.6991
6.052, 3.68574
6.05816, 3.67234
6.06426, 3.65889
6.0703, 3.6454
6.07629, 3.63187
6.08222, 3.61829
6.08809, 3.60467
6.09391, 3.59101
6.09967, 3.5773
6.10538, 3.56355
6.11103, 3.54976
6.11662, 3.53592
6.12215, 3.52204
6.12763, 3.50812
6.13305, 3.49416
6.13841, 3.48015
6.14372, 3.46611
6.14897, 3.45202
6.15416, 3.43788
6.15929, 3.42371
6.16437, 3.40949
6.16938, 3.39523
6.17434, 3.38093
6.17924, 3.36658
6.18409, 3.3522
6.18887, 3.33777
6.1936, 3.3233
6.19826, 3.30879
6.20287, 3.29424
6.20742, 3.27964
6.21191, 3.26501
6.21635, 3.25033
6.22072, 3.23561
6.22503, 3.22085
6.22928, 3.20605
6.23348, 3.19121
6.23761, 3.17633
6.24169, 3.1614
6.2457, 3.14644
6.24966, 3.13143
6.25355, 3.11639
6.25739, 3.1013
6.26116, 3.08617
6.26487, 3.071
6.26853, 3.0558
6.27212, 3.04055
6.27565, 3.02526
6.27912, 3.00993
6.28253, 2.99456
6.28588, 2.97915
6.28916, 2.9637
6.29239, 2.94821
6.29555, 2.93268
6.29865, 2.91711
6.30169, 2.90151
6.30467, 2.88586
6.30758, 2.87017
6.31044, 2.85444
6.31323, 2.83868
6.31595, 2.82287
6.31862, 2.80703
6.32122, 2.79114
6.32376, 2.77522
6.32624, 2.75926
6.32865, 2.74326
6.331, 2.72722
6.33328, 2.71114
6.33551, 2.69502
6.33767, 2.67886
6.33976, 2.66267
6.34179, 2.64644
6.34376, 2.63017
6.34566, 2.61386
6.3475, 2.59751
6.34927, 2.58112
6.35098, 2.5647
6.35262, 2.54824
6.3542, 2.53174
6.35571, 2.5152
6.35716, 2.49863
6.35854, 2.48202
6.35986, 2.46537
6.36111, 2.44868
6.3623, 2.43195
6.36341, 2.41519
6.36447, 2.39839
6.36545, 2.38156
6.36637, 2.36468
6.36723, 2.34777
6.36801, 2.33082
6.36873, 2.31384
6.36938, 2.29682
6.36997, 2.27976
6.37049, 2.26267
6.37094, 2.24554
6.37132, 2.22837
6.37163, 2.21117
6.37188, 2.19393
6.37206, 2.17666
6.37216, 2.15934
6.37221, 2.142
6.37218, 2.12461
6.37208, 2.1072
6.37192, 2.08974
6.37168, 2.07225
6.37138, 2.05473
6.371, 2.03717
6.37056, 2.01957
6.37005, 2.00194
6.36946, 1.98427
6.36881, 1.96657
6.36809, 1.94884
6.36729, 1.93107
6.36643, 1.91326
6.36549, 1.89542
6.36448, 1.87755
6.3634, 1.85964
6.36226, 1.8417
6.36103, 1.82372
6.35974, 1.80571
6.35838, 1.78766
6.35694, 1.76958
6.35543, 1.75147
6.35385, 1.73332
6.35219, 1.71514
6.35047, 1.69693
6.34867, 1.67868
6.34679, 1.6604
6.34485, 1.64208
6.34283, 1.62374
6.34073, 1.60536
6.33857, 1.58694
6.33632, 1.5685
6.33401, 1.55002
6.33162, 1.53151
6.32915, 1.51296
6.32661, 1.49439
6.324, 1.47578
6.3213, 1.45714
6.31854, 1.43846
6.3157, 1.41976
6.31278, 1.40102
6.30979, 1.38226
6.30672, 1.36346
6.30357, 1.34462
6.30035, 1.32576
6.29705, 1.30687
6.29367, 1.28794
6.29022, 1.26899
6.28669, 1.25
6.28308, 1.23098
6.27939, 1.21194
6.27562, 1.19286
6.27178, 1.17375
6.26786, 1.15461
6.26386, 1.13544
6.25978, 1.11624
6.25562, 1.09701
6.25138, 1.07775
6.24707, 1.05846
6.24267, 1.03914
6.23819, 1.01979
6.23363, 1.00042
6.229, 0.981011
6.22428, 0.961576
6.21948, 0.942112
6.2146, 0.922619
6.20963, 0.903097
6.20459, 0.883548
6.19947, 0.863969
6.19426, 0.844363
6.18897, 0.824728
6.1836, 0.805066
6.17814, 0.785376
6.1726, 0.765658
6.16698, 0.745913
6.16128, 0.72614
6.15549, 0.706341
6.14962, 0.686514
6.14366, 0.66666
6.13762, 0.64678
6.1315, 0.626873
6.12529, 0.60694
6.11899, 0.58698
6.11261, 0.566995
6.10615, 0.546983
6.09959, 0.526946
6.09296, 0.506883
6.08623, 0.486794
6.07942, 0.466681
6.07252, 0.446542
6.06554, 0.426378
6.05846, 0.406189
6.0513, 0.385976
6.04406, 0.365739
6.03672, 0.345477
6.02929, 0.325191
6.02178, 0.304881
6.01418, 0.284547
6.00649, 0.26419
5.99871, 0.243809
5.99083, 0.223405
5.98287, 0.202979
5.97482, 0.182529
5.96668, 0.162057
5.95845, 0.141562
5.95012, 0.121045
5.94171, 0.100506
5.9332, 0.0799453
5.9246, 0.0593628
5.91591, 0.0387589
5.90712, 0.0181338
5.89825, -0.00251239
5.88928, -0.0231794
5.88021, -0.043867
5.87105, -0.064575
5.8618, -0.0853033
5.85246, -0.106051
5.84302, -0.126819
5.83348, -0.147607
5.82385, -0.168414
5.81412, -0.18924
5.8043, -0.210084
5.79438, -0.230948
5.78437, -0.251829
5.77425, -0.272729
5.76405, -0.293647
5.75374, -0.314583
5.74333, -0.335536
5.73283, -0.356506
5.72223, -0.377493
5.71153, -0.398497
5.70073, -0.419517
5.68984, -0.440553
5.67884, -0.461605
5.66774, -0.482673
5.65654, -0.503756
5.64525, -0.524855
5.63385, -0.545968
5.62235, -0.567096
5.61074, -0.588238
5.59904, -0.609394
5.58723, -0.630564
5.57532, -0.651747
5.56331, -0.672944
5.55119, -0.694153
5.53897, -0.715375
5.52665, -0.736609
5.51422, -0.757854
5.50169, -0.779112
5.48905, -0.800381
5.47631, -0.821661
5.46346, -0.842951
5.4505, -0.864252
5.43744, -0.885563
5.42427, -0.906884
5.41099, -0.928214
5.39761, -0.949553
5.38412, -0.9709
5.37051, -0.992256
5.3568, -1.01362
5.34299, -1.03499
5.32906, -1.05637
5.31502, -1.07776
5.30087, -1.09915
5.28661, -1.12055
5.27224, -1.14195
5.25776, -1.16336
5.24316, -1.18477
5.22846, -1.20619
5.21364, -1.22762
5.1987, -1.24904
5.18366, -1.27047
5.1685, -1.29191
5.15322, -1.31334
5.13783, -1.33478
5.12233, -1.35622
5.10671, -1.37766
5.09098, -1.3991
5.07512, -1.42054
5.05915, -1.44199
5.04307, -1.46343
5.02687, -1.48487
5.01054, -1.50631
4.9941, -1.52774
4.97754, -1.54918
4.96087, -1.57061
4.94407, -1.59204
4.92715, -1.61346
4.91011, -1.63488
4.89295, -1.65629
4.87567, -1.6777
4.85827, -1.6991
4.84074, -1.7205
4.82309, -1.74189
4.80532, -1.76327
4.78743, -1.78464
4.76941, -1.80601
4.75126, -1.82736
4.73299, -1.84871
4.7146, -1.87004
4.69608, -1.89136
4.67743, -1.91267
4.65865, -1.93397
4.63975, -1.95526
4.62072, -1.97653
4.60157, -1.99779
4.58228, -2.01903
4.56286, -2.04025
4.54332, -2.06146
4.52364, -2.08266
4.50384, -2.10383
4.4839, -2.12499
4.46383, -2.14613
4.44363, -2.16724
4.4233, -2.18834
4.40283, -2.20942
4.38223, -2.23047
4.3615, -2.2515
4.34063, -2.27251
4.31963, -2.29349
4.29849, -2.31445
4.27721, -2.33538
4.2558, -2.35628
4.23425, -2.37716
4.21257, -2.39801
4.19074, -2.41883
4.16878, -2.43961
4.14668, -2.46037
4.12444, -2.48109
4.10206, -2.50179
4.07954, -2.52244
4.05688, -2.54307
4.03408, -2.56365
4.01114, -2.5842
3.98805, -2.60471
3.96482, -2.62519
3.94145, -2.64562
3.91794, -2.66601
3.89428, -2.68636
3.87047, -2.70667
3.84652, -2.72693
3.82243, -2.74715
3.79819, -2.76732
3.7738, -2.78744
3.74927, -2.80752
3.72458, -2.82754
3.69975, -2.84752
3.67477, -2.86744
3.64965, -2.88731
3.62437, -2.90712
3.59894, -2.92688
3.57336, -2.94658
3.54763, -2.96622
3.52176, -2.98581
3.49572, -3.00533
3.46954, -3.02479
3.4432, -3.04418
3.41671, -3.06351
3.39007, -3.08277
3.36327, -3.10197
3.33632, -3.12109
3.30922, -3.14014
3.28196, -3.15912
3.25454, -3.17803
3.22697, -3.19686
3.19924, -3.21561
3.17135, -3.23429
3.14331, -3.25288
3.11511, -3.27139
3.08675, -3.28981
3.05824, -3.30815
3.02956, -3.32641
3.00073, -3.34457
2.97173, -3.36264
2.94258, -3.38062
2.91327, -3.3985
2.8838, -3.41629
2.85416, -3.43397
2.82437, -3.45156
2.79441, -3.46904
2.7643, -3.48642
2.73402, -3.50369
2.70358, -3.52086
2.67298, -3.53791
2.64222, -3.55485
2.61129, -3.57167
2.58021, -3.58837
2.54896, -3.60496
2.51755, -3.62142
2.48597, -3.63775
2.45423, -3.65396
2.42233, -3.67004
2.39027, -3.68599
2.35805, -3.7018
2.32566, -3.71748
2.29311, -3.73302
2.2604, -3.74841
2.22752, -3.76366
2.19448, -3.77876
2.16128, -3.79371
2.12792, -3.80851
2.0944, -3.82315
2.06071, -3.83763
2.02686, -3.85195
1.99286, -3.8661
1.95869, -3.88009
1.92436, -3.8939
1.88987, -3.90754
1.85522, -3.92101
1.82042, -3.93429
1.78545, -3.94739
1.75033, -3.9603
1.71505, -3.97302
1.67962, -3.98555
1.64403, -3.99788
1.60828, -4.01001
1.57239, -4.02193
1.53633, -4.03365
1.50013, -4.04515
1.46378, -4.05644
1.42727, -4.06751
1.39062, -4.07836
1.35382, -4.08898
1.31687, -4.09937
1.27978, -4.10952
1.24255, -4.11943
1.20517, -4.12911
1.16765, -4.13853
1.13, -4.1477
1.0922, -4.15662
1.05428, -4.16528
1.01621, -4.17367
0.97802, -4.1818
0.939698, -4.18965
0.901248, -4.19723
0.862672, -4.20452
0.823975, -4.21152
0.785156, -4.21824
0.74622, -4.22466
0.707169, -4.23078
0.668006, -4.23659
0.628733, -4.24209
0.589353, -4.24728
0.549869, -4.25215
0.510286, -4.25669
0.470605, -4.26091
0.43083, -4.26479
0.390966, -4.26833
0.351015, -4.27152
0.310981, -4.27437
0.270868, -4.27686
0.230681, -4.27899
0.190424, -4.28075
0.1501, -4.28215
0.109715, -4.28317
0.0692724, -4.28381
0.0287778, -4.28407
-0.0117641, -4.28393
-0.0523483, -4.2834
-0.0929696, -4.28247
-0.133623, -4.28113
-0.174302, -4.27938
-0.215001, -4.27722
-0.255716, -4.27463
-0.296439, -4.27162
-0.337164, -4.26818
-0.377886, -4.2643
-0.418598, -4.25998
-0.459292, -4.25521
-0.499964, -4.25
-0.540604, -4.24433
-0.581207, -4.2382
-0.621766, -4.23161
-0.662272, -4.22455
-0.702718, -4.21702
-0.743097, -4.20902
-0.7834, -4.20053
-0.82362, -4.19156
-0.863749, -4.1821
-0.903778, -4.17215
-0.943699, -4.1617
-0.983503, -4.15076
-1.02318, -4.13931
-1.06273, -4.12736
-1.10213, -4.11491
-1.14138, -4.10194
-1.18047, -4.08847
-1.21939, -4.07448
-1.25813, -4.05997
-1.29668, -4.04495
-1.33504, -4.02941
-1.37318, -4.01335
-1.41111, -3.99677
-1.44881, -3.97967
-1.48628, -3.96204
-1.5235, -3.94389
-1.56047, -3.92523
-1.59717, -3.90604
-1.63359, -3.88633
-1.66973, -3.8661
-1.70558, -3.84535
-1.74113, -3.82408
-1.77636, -3.8023
-1.81127, -3.78001
-1.84585, -3.75721
-1.8801, -3.7339
-1.91399, -3.71009
-1.94752, -3.68577
-1.98069, -3.66096
-2.01348, -3.63566
-2.04589, -3.60986
-2.0779, -3.58359
-2.10952, -3.55683
-2.14072, -3.5296
-2.17151, -3.5019
-2.20188, -3.47374
-2.23182, -3.44513
-2.26132, -3.41606
-2.29037, -3.38655
-2.31897, -3.3566
-2.34712, -3.32623
-2.3748, -3.29543
-2.40202, -3.26422
-2.42876, -3.2326
-2.45502, -3.20058
-2.48079, -3.16817
-2.50608, -3.13538
-2.53087, -3.10221
-2.55517, -3.06868
-2.57896, -3.03479
-2.60226, -3.00056
-2.62504, -2.96598
-2.64731, -2.93108
-2.66907, -2.89586
-2.69032, -2.86032
-2.71105, -2.82449
-2.73126, -2.78836
-2.75095, -2.75195
-2.77013, -2.71527
-2.78878, -2.67832
-2.80691, -2.64112
-2.82452, -2.60368
-2.84161, -2.566
-2.85818, -2.5281
-2.87422, -2.48998
-2.88975, -2.45166
-2.90476, -2.41314
-2.91926, -2.37443
-2.93324, -2.33554
-2.94671, -2.29649
-2.95967, -2.25727
-2.97212, -2.21791
-2.98406, -2.1784
-2.9955, -2.13877
-3.00645, -2.099
-3.01689, -2.05913
-3.02684, -2.01914
-3.03631, -1.97906
-3.04528, -1.93888
-3.05378, -1.89863
-3.06179, -1.8583
-3.06933, -1.8179
-3.0764, -1.77745
-3.083, -1.73694
-3.08914, -1.69639
-3.09483, -1.6558
-3.10006, -1.61518
-3.10484, -1.57454
-3.10918, -1.53389
-3.11308, -1.49322
-3.11654, -1.45255
-3.11958, -1.41188
-3.12219, -1.37123
-3.12438, -1.33058
-3.12616, -1.28996
-3.12753, -1.24937
-3.12849, -1.2088
-3.12906, -1.16828
-3.12923, -1.12779
-3.12901, -1.08736
-3.12841, -1.04697
-3.12742, -1.00665
-3.12607, -0.96638
-3.12435, -0.926181
-3.12226, -0.886053
-3.11981, -0.845998
-3.11701, -0.806023
-3.11386, -0.76613
-3.11037, -0.726323
-3.10654, -0.686606
-3.10238, -0.646982
-3.09789, -0.607455
-3.09308, -0.568028
-3.08794, -0.528705
-3.0825, -0.489487
-3.07674, -0.450379
-3.07068, -0.411383
-3.06432, -0.372502
-3.05766, -0.333738
-3.05072, -0.295093
-3.04349, -0.256571
-3.03598, -0.218174
-3.02819, -0.179903
-3.02013, -0.141761
-3.0118, -0.10375
-3.00321, -0.0658714
-2.99436, -0.0281278
-2.98526, 0.00947929
-2.9759, 0.0469483
-2.9663, 0.0842775
-2.95646, 0.121465
-2.94637, 0.15851
-2.93606, 0.195411
-2.92551, 0.232167
-2.91474, 0.268775
-2.90374, 0.305236
-2.89253, 0.341548
-2.8811, 0.377709
-2.86946, 0.413719
-2.85761, 0.449577
-2.84556, 0.485282
-2.83331, 0.520833
-2.82086, 0.55623
-2.80822, 0.591471
-2.79538, 0.626556
-2.78237, 0.661484
-2.76916, 0.696255
-2.75578, 0.730868
-2.74222, 0.765322
-2.72848, 0.799618
-2.71458, 0.833754
-2.70051, 0.867731
-2.68627, 0.901547
-2.67187, 0.935203
-2.65731, 0.968698
-2.6426, 1.00203
-2.62773, 1.03521
-2.61271, 1.06822
-2.59755, 1.10107
-2.58224, 1.13376
-2.56678, 1.16628
-2.55119, 1.19865
-2.53546, 1.23085
-2.5196, 1.26289
-2.5036, 1.29477
-2.48748, 1.32649
-2.47123, 1.35804
-2.45485, 1.38944
-2.43835, 1.42067
-2.42173, 1.45174
-2.40499, 1.48265
-2.38814, 1.51339
-2.37117, 1.54398
-2.35409, 1.5744
-2.33691, 1.60467
-2.31961, 1.63477
-2.30221, 1.66471
-2.28471, 1.6945
-2.26711, 1.72412
-2.24941, 1.75358
-2.23161, 1.78289
-2.21371, 1.81203
-2.19573, 1.84102
-2.17765, 1.86984
-2.15948, 1.89851
-2.14122, 1.92703
-2.12288, 1.95538
-2.10445, 1.98358
-2.08595, 2.01162
-2.06736, 2.0395
-2.04869, 2.06723
-2.02994, 2.0948
-2.01112, 2.12221
-1.99222, 2.14947
-1.97325, 2.17658
-1.95421, 2.20353
-1.93509, 2.23033
-1.91591, 2.25698
-1.89666, 2.28347
-1.87735, 2.30981
-1.85797, 2.336
-1.83853, 2.36204
-1.81903, 2.38792
-1.79947, 2.41366
-1.77985, 2.43924
-1.76017, 2.46468
-1.74044, 2.48996
-1.72065, 2.5151
-1.70081, 2.54009
-1.68091, 2.56493
-1.66096, 2.58962
-1.64097, 2.61417
-1.62092, 2.63857
-1.60083, 2.66282
-1.58069, 2.68693
-1.5605, 2.71089
-1.54027, 2.73471
-1.52, 2.75838
-1.49968, 2.78191
-1.47933, 2.8053
-1.45893, 2.82855
-1.43849, 2.85165
-1.41802, 2.87461
-1.39751, 2.89743
-1.37696, 2.92011
-1.35637, 2.94265
-1.33576, 2.96504
-1.31511, 2.9873
-1.29442, 3.00942
-1.27371, 3.03141
-1.25296, 3.05325
-1.23219, 3.07496
-1.21138, 3.09653
-1.19055, 3.11796
-1.16969, 3.13926
-1.1488, 3.16042
-1.12789, 3.18145
-1.10696, 3.20234
-1.086, 3.2231
-1.06501, 3.24372
-1.044, 3.26421
-1.02298, 3.28457
-1.00193, 3.3048
-0.980858, 3.3249
-0.959769, 3.34486
-0.938661, 3.36469
-0.917536, 3.3844
-0.896392, 3.40397
-0.875232, 3.42342
-0.854056, 3.44273
-0.832865, 3.46192
-0.811659, 3.48098
-0.790439, 3.49991
-0.769205, 3.51871
-0.747959, 3.53739
-0.7267, 3.55594
-0.70543, 3.57437
-0.684148, 3.59267
-0.662857, 3.61085
-0.641555, 3.6289
-0.620245, 3.64683
-0.598925, 3.66463
-0.577598, 3.68232
-0.556263, 3.69988
-0.534921, 3.71731
-0.513573, 3.73463
-0.492219, 3.75183
-0.470859, 3.7689
-0.449494, 3.78585
-0.428126, 3.80269
-0.406753, 3.8194
-0.385377, 3.836
-0.363998, 3.85247
-0.342617, 3.86883
-0.321234, 3.88507
-0.299849, 3.9012
-0.278463, 3.9172
-0.257078, 3.93309
-0.235691, 3.94887
-0.214306, 3.96453
-0.192921, 3.98007
-0.171538, 3.9955
-0.150156, 4.01081
-0.128777, 4.02601
-0.1074, 4.0411
-0.0860256, 4.05607
-0.064655, 4.07093
-0.0432883, 4.08568
-0.0219258, 4.10031
-0.000567872, 4.11484
0.020785, 4.12925
0.0421326, 4.14355
0.0634743, 4.15774
0.08481, 4.17182
0.106139, 4.18579
0.127461, 4.19966
0.148776, 4.21341
0.170084, 4.22705
0.191383, 4.24059
0.212674, 4.25402
0.233957, 4.26734
0.25523, 4.28055
0.276494, 4.29366
0.297749, 4.30666
0.318993, 4.31955
0.340227, 4.33234
0.361451, 4.34502
0.382664, 4.3576
0.403865, 4.37008
0.425055, 4.38245
0.446233, 4.39471
0.467398, 4.40687
0.488551, 4.41893
0.509692, 4.43089
0.530819, 4.44274
0.551933, 4.45449
0.573034, 4.46614
0.59412, 4.47769
0.615192, 4.48914
0.63625, 4.50048
0.657293, 4.51173
0.678321, 4.52287
0.699333, 4.53392
0.72033, 4.54486
0.741312, 4.55571
0.762277, 4.56646
0.783226, 4.57711
0.804158, 4.58766
0.825073, 4.59811
0.845971, 4.60846
0.866852, 4.61872
0.887716, 4.62888
0.908561, 4.63895
0.929389, 4.64892
0.950198, 4.65879
0.970989, 4.66856
0.991761, 4.67824
1.01251, 4.68783
1.03325, 4.69732
1.05396, 4.70672
1.07466, 4.71602
1.09533, 4.72523
1.11599, 4.73434
1.13662, 4.74336
1.15724, 4.75229
1.17783, 4.76112
1.1984, 4.76987
1.21895, 4.77852
1.23948, 4.78708
1.25999, 4.79554
1.28048, 4.80392
1.30094, 4.8122
1.32139, 4.8204
1.34181, 4.8285
1.3622, 4.83651
1.38258, 4.84443
1.40293, 4.85227
1.42326, 4.86001
1.44357, 4.86767
1.46385, 4.87523
1.48411, 4.88271
1.50435, 4.8901
1.52456, 4.8974
1.54474, 4.90461
1.56491, 4.91173
1.58505, 4.91877
1.60516, 4.92572
1.62525, 4.93259
1.64531, 4.93936
1.66535, 4.94605
1.68537, 4.95266
1.70536, 4.95918
1.72532, 4.96561
1.74525, 4.97196
1.76517, 4.97822
1.78505, 4.9844
1.80491, 4.99049
1.82474, 4.9965
1.84455, 5.00243
1.86433, 5.00827
1.88408, 5.01403
1.9038, 5.0197
1.9235, 5.02529
1.94317, 5.0308
1.96281, 5.03623
1.98243, 5.04157
2.00202, 5.04683
2.02158, 5.05201
2.04111, 5.05711
2.06061, 5.06212
2.08009, 5.06706
2.09954, 5.07191
2.11895, 5.07668
2.13834, 5.08137
2.15771, 5.08599
2.17704, 5.09052
2.19634, 5.09497
2.21561, 5.09934
2.23486, 5.10363
2.25407, 5.10784
2.27326, 5.11198
2.29241, 5.11603
2.31154, 5.12001
2.33064, 5.12391
2.3497, 5.12772
2.36874, 5.13147
2.38774, 5.13513
2.40672, 5.13871
2.42566, 5.14222
2.44457, 5.14565
2.46345, 5.14901
2.48231, 5.15228
2.50113, 5.15548
2.51991, 5.15861
2.53867, 5.16166
2.5574, 5.16463
2.57609, 5.16752
2.59476, 5.17034
2.61339, 5.17309
2.63199, 5.17576
2.65056, 5.17835
2.66909, 5.18087
2.68759, 5.18332
2.70606, 5.18569
2.7245, 5.18798
2.74291, 5.1902
2.76128, 5.19235
2.77962, 5.19443
2.79793, 5.19643
2.81621, 5.19835
2.83445, 5.20021
2.85266, 5.20199
2.87083, 5.2037
2.88897, 5.20533
2.90708, 5.2069
2.92516, 5.20839
2.9432, 5.20981
2.96121, 5.21115
2.97918, 5.21243
2.99712, 5.21363
3.01503, 5.21476
3.0329, 5.21582
3.05073, 5.21681
3.06854, 5.21773
3.08631, 5.21858
3.10404, 5.21936
3.12174, 5.22007
3.1394, 5.2207
3.15703, 5.22127
3.17463, 5.22177
3.19219, 5.22219
3.20971, 5.22255
3.2272, 5.22284
3.24466, 5.22306
3.26208, 5.22321
3.27946, 5.22329
3.29681, 5.2233
3.31412, 5.22325
3.3314, 5.22312
3.34864, 5.22293
3.36584, 5.22267
3.38301, 5.22234
3.40014, 5.22194
3.41724, 5.22148
3.4343, 5.22095
3.45132, 5.22035
3.46831, 5.21968
3.48526, 5.21895
3.50218, 5.21815
3.51905, 5.21728
3.53589, 5.21635
3.5527, 5.21535
3.56947, 5.21428
3.5862, 5.21315
3.60289, 5.21195
3.61954, 5.21069
3.63616, 5.20936
3.65274, 5.20796
3.66929, 5.2065
3.68579, 5.20497
3.70226, 5.20338
3.71869, 5.20173
3.73508, 5.20001
3.75144, 5.19822
3.76776, 5.19637
3.78404, 5.19445
3.80028, 5.19248
3.81648, 5.19043
3.83264, 5.18833
3.84877, 5.18615
3.86486, 5.18392
3.88091, 5.18162
3.89692, 5.17926
3.91289, 5.17684
3.92882, 5.17435
3.94472, 5.1718
3.96057, 5.16918
3.97639, 5.16651
3.99217, 5.16377
4.00791, 5.16096
4.02361, 5.1581
4.03926, 5.15517
4.05489, 5.15218
4.07047, 5.14913
4.08601, 5.14602
4.10151, 5.14285
4.11697, 5.13961
4.13239, 5.13631
4.14778, 5.13296
4.16312, 5.12954
4.17842, 5.12605
4.19369, 5.12251
4.20891, 5.11891
4.22409, 5.11525
4.23923, 5.11152
4.25433, 5.10774
4.2694, 5.10389
4.28442, 5.09999
4.2994, 5.09602
4.31434, 5.092
4.32924, 5.08791
4.34409, 5.08377
4.35891, 5.07956
4.37369, 5.0753
4.38842, 5.07097
4.40312, 5.06659
4.41777, 5.06215
4.43238, 5.05765
4.44695, 5.05309
4.46148, 5.04847
4.47597, 5.04379
4.49041, 5.03905
4.50482, 5.03426
4.51918, 5.02941
4.5335, 5.02449
4.54778, 5.01952
4.56202, 5.0145
4.57621, 5.00941
4.59036, 5.00427
4.60448, 4.99907
4.61854, 4.99381
4.63257, 4.98849
4.64655, 4.98312
4.6605, 4.97769
4.67439, 4.9722
4.68825, 4.96666
4.70206, 4.96105
4.71584, 4.9554
4.72956, 4.94968
4.74325, 4.94391
4.75689, 4.93808
4.77049, 4.9322
4.78405, 4.92625
4.79756, 4.92026
4.81103, 4.9142
4.82446, 4.90809
4.83784, 4.90193
4.85118, 4.89571
4.86447, 4.88943
4.87773, 4.8831
4.89094, 4.87671
4.9041, 4.87027
4.91722, 4.86377
4.9303, 4.85722
4.94333, 4.85061
4.95632, 4.84394
4.96927, 4.83722
4.98217, 4.83045
4.99502, 4.82362
5.00784, 4.81674
5.0206, 4.8098
5.03333, 4.80281
5.04601, 4.79577
5.05864, 4.78867
5.07123, 4.78151
5.08377, 4.77431
5.09627, 4.76704
5.10873, 4.75973
5.12114, 4.75236
5.1335, 4.74494
5.14582, 4.73746
5.1581, 4.72993
5.17032, 4.72235
5.18251, 4.71471
5.19465, 4.70702
5.20674, 4.69928
5.21878, 4.69148
5.23079, 4.68363
5.24274, 4.67573
5.25465, 4.66778
5.26651, 4.65977
5.27833, 4.65171
5.2901, 4.6436
5.30183, 4.63544
5.31351, 4.62722
5.32514, 4.61896
5.33673, 4.61064
5.34827, 4.60226
5.35976, 4.59384
5.37121, 4.58537
5.38261, 4.57684
5.39396, 4.56826
5.40527, 4.55963
5.41652, 4.55095
5.42774, 4.54221
5.4389, 4.53343
5.45002, 4.5246
5.46109, 4.51571
5.47212, 4.50677
5.48309, 4.49778
5.49402, 4.48874
5.5049, 4.47965
5.51574, 4.47051
5.52652, 4.46132
5.53726, 4.45208
5.54795, 4.44279
5.55859, 4.43345
5.56919, 4.42406
5.57973, 4.41461
5.59023, 4.40512
5.60068, 4.39558
5.61108, 4.38599
5.62143, 4.37634
5.63174, 4.36665
5.64199, 4.35691
5.6522, 4.34712
5.66236, 4.33728
5.67247, 4.32739
5.68253, 4.31745
5.69254, 4.30746
5.70251, 4.29742
5.71242, 4.28734
5.72228, 4.2772
5.7321, 4.26702
5.74186, 4.25679
5.75158, 4.2465
5.76125, 4.23617
5.77086, 4.22579
5.78043, 4.21537
5.78995, 4.20489
5.79941, 4.19437
5.80883, 4.18379
5.8182, 4.17317
5.82752, 4.1625
5.83678, 4.15179
5.846, 4.14102
5.85516, 4.13021
5.86428, 4.11935
5.87334, 4.10844
5.88236, 4.09749
5.89132, 4.08648
5.90024, 4.07543
5.9091, 4.06433
5.91791, 4.05319
5.92667, 4.042
5.93538, 4.03076
5.94403, 4.01947
5.95264, 4.00814
5.96119, 3.99675
5.96969, 3.98533
5.97815, 3.97385
5.98654, 3.96233
5.99489, 3.95076
6.00319, 3.93915
6.01143, 3.92749
6.01962, 3.91578
6.02776, 3.90403
6.03585, 3.89223
6.04388, 3.88038
6.05187, 3.86849
6.05979, 3.85655
6.06767, 3.84457
6.0755, 3.83254
6.08327, 3.82046
6.09099, 3.80834
6.09865, 3.79618
6.10626, 3.78396
6.11382, 3.77171
6.12133, 3.7594
6.12878, 3.74705
6.13618, 3.73466
6.14352, 3.72222
6.15081, 3.70974
6.15805, 3.69721
6.16524, 3.68463
6.17237, 3.67202
6.17944, 3.65935
6.18646, 3.64664
6.19343, 3.63389
6.20034, 3.62109
6.2072, 3.60825
6.21401, 3.59536
6.22075, 3.58243
6.22745, 3.56946
6.23409, 3.55644
6.24067, 3.54337
6.2472, 3.53026
6.25368, 3.51711
6.2601, 3.50392
6.26646, 3.49068
6.27277, 3.47739
6.27902, 3.46406
6.28522, 3.45069
6.29136, 3.43728
6.29744, 3.42382
6.30347, 3.41032
6.30944, 3.39677
6.31536, 3.38319
6.32122, 3.36955
6.32703, 3.35588
6.33277, 3.34216
6.33846, 3.3284
6.3441, 3.3146
6.34968, 3.30075
6.3552, 3.28686
6.36066, 3.27293
6.36607, 3.25896
6.37141, 3.24494
6.37671, 3.23088
6.38194, 3.21678
6.38712, 3.20263
6.39223, 3.18845
6.39729, 3.17422
6.4023, 3.15995
6.40724, 3.14564
6.41213, 3.13128
6.41696, 3.11688
6.42173, 3.10245
6.42644, 3.08797
6.43109, 3.07344
6.43568, 3.05888
6.44022, 3.04427
6.44469, 3.02963
6.44911, 3.01494
6.45347, 3.00021
6.45777, 2.98544
6.462, 2.97063
6.46618, 2.95578
6.4703, 2.94088
6.47436, 2.92595
6.47836, 2.91097
6.4823, 2.89596
6.48618, 2.8809
6.49, 2.8658
6.49376, 2.85066
6.49746, 2.83549
6.50109, 2.82027
6.50467, 2.80501
6.50819, 2.78971
6.51164, 2.77437
6.51504, 2.75899
6.51837, 2.74357
6.52164, 2.72811
6.52485, 2.71261
6.52799, 2.69707
6.53108, 2.68149
6.5341, 2.66587
6.53707, 2.65021
6.53997, 2.63451
6.5428, 2.61878
6.54558, 2.603
6.54829, 2.58718
6.55094, 2.57133
6.55352, 2.55543
6.55605, 2.5395
6.55851, 2.52353
6.56091, 2.50752
6.56324, 2.49147
6.56551, 2.47538
6.56772, 2.45925
6.56986, 2.44308
6.57194, 2.42688
6.57395, 2.41064
6.5759, 2.39436
6.57779, 2.37804
6.57961, 2.36168
6.58136, 2.34528
6.58306, 2.32885
6.58468, 2.31238
6.58625, 2.29587
6.58774, 2.27932
6.58917, 2.26274
6.59054, 2.24611
6.59184, 2.22945
6.59307, 2.21276
6.59424, 2.19602
6.59534, 2.17925
6.59638, 2.16244
6.59735, 2.14559
6.59825, 2.12871
6.59909, 2.11179
6.59986, 2.09483
6.60056, 2.07784
6.6012, 2.06081
6.60176, 2.04374
6.60226, 2.02664
6.6027, 2.0095
6.60306, 1.99232
6.60336, 1.97511
6.60359, 1.95786
6.60375, 1.94058
6.60384, 1.92326
6.60386, 1.9059
6.60382, 1.88851
6.6037, 1.87108
6.60352, 1.85361
6.60327, 1.83612
6.60295, 1.81858
6.60255, 1.80101
6.60209, 1.78341
6.60156, 1.76576
6.60096, 1.74809
6.60029, 1.73038
6.59955, 1.71263
6.59874, 1.69485
6.59785, 1.67704
6.5969, 1.65919
6.59587, 1.64131
6.59478, 1.62339
6.59361, 1.60543
6.59237, 1.58745
6.59106, 1.56943
6.58968, 1.55137
6.58822, 1.53328
6.58669, 1.51516
6.58509, 1.497
6.58342, 1.47881
6.58168, 1.46059
6.57986, 1.44233
6.57797, 1.42404
6.576, 1.40572
6.57396, 1.38736
6.57185, 1.36897
6.56966, 1.35055
6.5674, 1.3321
6.56507, 1.31361
6.56266, 1.29509
6.56017, 1.27654
6.55761, 1.25795
6.55498, 1.23933
6.55227, 1.22068
6.54948, 1.202
6.54662, 1.18329
6.54369, 1.16454
6.54067, 1.14577
6.53758, 1.12696
6.53442, 1.10812
6.53118, 1.08925
6.52786, 1.07034
6.52446, 1.05141
6.52099, 1.03245
6.51743, 1.01345
6.51381, 0.994425
6.5101, 0.975368
6.50631, 0.956281
6.50245, 0.937163
6.49851, 0.918015
6.49449, 0.898837
6.49039, 0.879629
6.48621, 0.860391
6.48195, 0.841123
6.47761, 0.821826
6.4732, 0.802499
6.4687, 0.783143
6.46412, 0.763757
6.45946, 0.744343
6.45472, 0.724899
6.4499, 0.705427
6.445, 0.685926
6.44002, 0.666396
6.43495, 0.646838
6.42981, 0.627252
6.42458, 0.607637
6.41927, 0.587995
6.41388, 0.568324
6.4084, 0.548626
6.40284, 0.5289
6.3972, 0.509147
6.39147, 0.489367
6.38566, 0.469559
6.37977, 0.449725
6.37379, 0.429863
6.36773, 0.409975
6.36158, 0.390061
6.35535, 0.37012
6.34903, 0.350153
6.34263, 0.330159
6.33614, 0.31014
6.32957, 0.290095
6.32291, 0.270025
6.31616, 0.249929
6.30933, 0.229808
6.30241, 0.209661
6.2954, 0.18949
6.28831, 0.169294
6.28112, 0.149074
6.27385, 0.128829
6.26649, 0.10856
6.25905, 0.0882667
6.25151, 0.0679497
6.24388, 0.0476089
6.23617, 0.0272446
6.22836, 0.00685704
6.22047, -0.0135537
6.21249, -0.0339874
6.20441, -0.0544439
6.19625, -0.074923
6.18799, -0.0954244
6.17964, -0.115948
6.1712, -0.136494
6.16267, -0.157061
6.15405, -0.17765
6.14533, -0.198261
6.13652, -0.218892
6.12762, -0.239545
6.11863, -0.260218
6.10954, -0.280912
6.10036, -0.301627
6.09108, -0.322361
6.08171, -0.343116
6.07225, -0.36389
6.06269, -0.384683
6.05303, -0.405496
6.04328, -0.426328
6.03343, -0.447179
6.02349, -0.468048
6.01345, -0.488935
6.00331, -0.509841
5.99308, -0.530765
5.98274, -0.551706
5.97231, -0.572664
5.96179, -0.59364
5.95116, -0.614633
5.94044, -0.635642
5.92961, -0.656667
5.91869, -0.677709
5.90766, -0.698766
5.89654, -0.719839
5.88532, -0.740928
5.87399, -0.762031
5.86257, -0.783149
5.85104, -0.804282
5.83941, -0.825429
5.82768, -0.84659
5.81585, -0.867765
5.80391, -0.888952
5.79187, -0.910153
5.77973, -0.931367
5.76748, -0.952593
5.75513, -0.973832
5.74267, -0.995082
5.73011, -1.01634
5.71745, -1.03762
5.70468, -1.0589
5.6918, -1.08019
5.67881, -1.1015
5.66572, -1.12281
5.65253, -1.14414
5.63922, -1.16547
5.62581, -1.18681
5.61229, -1.20817
5.59866, -1.22953
5.58492, -1.25089
5.57107, -1.27227
5.55712, -1.29365
5.54305, -1.31504
5.52887, -1.33643
5.51458, -1.35783
5.50018, -1.37924
5.48567, -1.40065
5.47105, -1.42207
5.45631, -1.44349
5.44146, -1.46492
5.4265, -1.48635
5.41142, -1.50778
5.39623, -1.52921
5.38093, -1.55065
5.36551, -1.57209
5.34997, -1.59353
5.33432, -1.61497
5.31856, -1.63642
5.30267, -1.65786
5.28668, -1.6793
5.27056, -1.70075
5.25432, -1.72219
5.23797, -1.74363
5.2215, -1.76506
5.20491, -1.7865
5.1882, -1.80793
5.17137, -1.82936
5.15442, -1.85078
5.13735, -1.8722
5.12016, -1.89362
5.10284, -1.91503
5.08541, -1.93643
5.06785, -1.95782
5.05017, -1.97921
5.03236, -2.00059
5.01444, -2.02196
4.99638, -2.04333
4.97821, -2.06468
4.9599, -2.08602
4.94147, -2.10736
4.92292, -2.12868
4.90424, -2.14999
4.88543, -2.17128
4.8665, -2.19256
4.84743, -2.21383
4.82824, -2.23509
4.80892, -2.25633
4.78947, -2.27755
4.76989, -2.29876
4.75018, -2.31995
4.73034, -2.34112
4.71037, -2.36227
4.69026, -2.38341
4.67003, -2.40452
4.64966, -2.42562
4.62915, -2.44669
4.60852, -2.46774
4.58775, -2.48876
4.56684, -2.50976
4.54581, -2.53074
4.52463, -2.55169
4.50332, -2.57262
4.48187, -2.59352
4.46029, -2.61439
4.43857, -2.63523
4.41671, -2.65604
4.39471, -2.67682
4.37257, -2.69757
4.35029, -2.71829
4.32788, -2.73897
4.30532, -2.75962
4.28262, -2.78024
4.25978, -2.80082
4.2368, -2.82136
4.21367, -2.84186
4.19041, -2.86232
4.167, -2.88275
4.14344, -2.90313
4.11974, -2.92347
4.0959, -2.94377
4.07191, -2.96402
4.04778, -2.98423
4.0235, -3.00439
3.99907, -3.0245
3.9745, -3.04456
3.94977, -3.06458
3.9249, -3.08454
3.89988, -3.10445
3.87472, -3.12431
3.8494, -3.14411
3.82393, -3.16385
3.79831, -3.18354
3.77254, -3.20317
3.74662, -3.22273
3.72055, -3.24224
3.69432, -3.26168
3.66795, -3.28106
3.64142, -3.30038
3.61473, -3.31962
3.58789, -3.3388
3.5609, -3.35791
3.53375, -3.37694
3.50645, -3.3959
3.47899, -3.41479
3.45137, -3.4336
3.4236, -3.45233
3.39567, -3.47099
3.36759, -3.48956
3.33935, -3.50805
3.31094, -3.52645
3.28238, -3.54477
3.25367, -3.563
3.22479, -3.58114
3.19575, -3.59919
3.16656, -3.61715
3.1372, -3.635
3.10768, -3.65277
3.07801, -3.67043
3.04817, -3.68799
3.01817, -3.70545
2.98801, -3.7228
2.95769, -3.74004
2.92721, -3.75718
2.89656, -3.7742
2.86575, -3.79111
2.83478, -3.8079
2.80365, -3.82457
2.77236, -3.84113
2.7409, -3.85756
2.70928, -3.87386
2.6775, -3.89004
2.64556, -3.90608
2.61345, -3.922
2.58118, -3.93777
2.54875, -3.95341
2.51615, -3.96891
2.48339, -3.98427
2.45047, -3.99948
2.41739, -4.01454
2.38415, -4.02945
2.35074, -4.04421
2.31717, -4.05881
2.28344, -4.07325
2.24955, -4.08753
2.2155, -4.10164
2.18129, -4.11558
2.14691, -4.12935
2.11238, -4.14295
2.07769, -4.15636
2.04284, -4.1696
2.00783, -4.18265
1.97267, -4.19551
1.93735, -4.20818
1.90187, -4.22066
1.86623, -4.23294
1.83045, -4.24501
1.79451, -4.25688
1.75841, -4.26854
1.72217, -4.27999
1.68577, -4.29122
1.64922, -4.30223
1.61253, -4.31302
1.57569, -4.32358
1.5387, -4.3339
1.50157, -4.344
1.4643, -4.35385
1.42688, -4.36345
1.38932, -4.37281
1.35163, -4.38192
1.3138, -4.39077
1.27583, -4.39935
1.23773, -4.40768
1.1995, -4.41573
1.16114, -4.42351
1.12266, -4.43101
1.08405, -4.43823
1.04532, -4.44516
1.00646, -4.45179
0.967496, -4.45813
0.928413, -4.46417
0.889218, -4.4699
0.849914, -4.47532
0.810504, -4.48042
0.770992, -4.4852
0.73138, -4.48966
0.691672, -4.49378
0.651872, -4.49757
0.611982, -4.50102
0.572006, -4.50412
0.531949, -4.50687
0.491815, -4.50927
0.451607, -4.5113
0.41133, -4.51297
0.370987, -4.51426
0.330585, -4.51518
0.290126, -4.51572
0.249617, -4.51587
0.209061, -4.51563
0.168465, -4.51499
0.127833, -4.51395
0.0871715, -4.5125
0.0464848, -4.51064
0.00577927, -4.50836
-0.0349394, -4.50566
-0.075665, -4.50253
-0.116392, -4.49897
-0.157113, -4.49498
-0.197822, -4.49054
-0.238512, -4.48565
-0.279177, -4.48032
-0.319809, -4.47452
-0.360402, -4.46827
-0.400948, -4.46155
-0.44144, -4.45437
-0.48187, -4.44671
-0.52223, -4.43857
-0.562513, -4.42995
-0.60271, -4.42085
-0.642814, -4.41126
-0.682815, -4.40117
-0.722706, -4.39059
-0.762479, -4.37951
-0.802123, -4.36793
-0.841632, -4.35584
-0.880995, -4.34325
-0.920203, -4.33015
-0.959249, -4.31653
-0.998121, -4.3024
-1.03681, -4.28776
-1.07531, -4.27259
-1.11361, -4.25691
-1.1517, -4.24071
-1.18957, -4.22399
-1.22721, -4.20674
-1.26461, -4.18897
-1.30176, -4.17069
-1.33866, -4.15188
-1.37528, -4.13254
-1.41164, -4.11269
-1.4477, -4.09232
-1.48347, -4.07143
-1.51893, -4.05003
-1.55408, -4.02811
-1.5889, -4.00568
-1.62339, -3.98273
-1.65753, -3.95929
-1.69133, -3.93534
-1.72476, -3.91089
-1.75783, -3.88594
-1.79052, -3.8605
-1.82282, -3.83458
-1.85473, -3.80817
-1.88623, -3.78129
-1.91733, -3.75393
-1.948, -3.7261
-1.97825, -3.69782
-2.00807, -3.66908
-2.03745, -3.63989
-2.06638, -3.61026
-2.09486, -3.5802
-2.12288, -3.54971
-2.15044, -3.51879
-2.17752, -3.48747
-2.20413, -3.45574
-2.23026, -3.42361
-2.25591, -3.3911
-2.28106, -3.35821
-2.30572, -3.32494
-2.32988, -3.29131
-2.35353, -3.25733
-2.37669, -3.223
-2.39933, -3.18834
-2.42147, -3.15334
-2.44309, -3.11804
-2.46419, -3.08242
-2.48478, -3.0465
-2.50485, -3.0103
-2.5244, -2.97382
-2.54344, -2.93706
-2.56195, -2.90005
-2.57993, -2.86278
-2.5974, -2.82527
-2.61435, -2.78753
-2.63078, -2.74957
-2.64668, -2.7114
-2.66207, -2.67302
-2.67694, -2.63445
-2.6913, -2.59569
-2.70514, -2.55676
-2.71847, -2.51766
-2.73129, -2.47841
-2.7436, -2.43901
-2.75541, -2.39947
-2.76671, -2.35979
-2.77752, -2.32
-2.78783, -2.28009
-2.79765, -2.24008
-2.80698, -2.19998
-2.81582, -2.15978
-2.82419, -2.1195
-2.83207, -2.07916
-2.83949, -2.03874
-2.84643, -1.99828
-2.85291, -1.95776
-2.85892, -1.9172
-2.86448, -1.8766
-2.86959, -1.83598
-2.87425, -1.79533
-2.87847, -1.75468
-2.88225, -1.71401
-2.8856, -1.67334
-2.88852, -1.63268
-2.89102, -1.59202
-2.8931, -1.55139
-2.89477, -1.51077
-2.89603, -1.47019
-2.89688, -1.42964
-2.89734, -1.38912
-2.8974, -1.34865
-2.89708, -1.30823
-2.89638, -1.26786
-2.89529, -1.22756
-2.89384, -1.18731
-2.89202, -1.14713
-2.88983, -1.10702
-2.88729, -1.06699
-2.8844, -1.02704
-2.88116, -0.98717
-2.87758, -0.947388
-2.87366, -0.907697
-2.86941, -0.868101
-2.86483, -0.828603
-2.85993, -0.789205
-2.85471, -0.749911
-2.84918, -0.710725
-2.84334, -0.671648
-2.8372, -0.632684
-2.83076, -0.593835
-2.82403, -0.555105
-2.81701, -0.516495
-2.8097, -0.478008
-2.80212, -0.439645
-2.79426, -0.401411
-2.78613, -0.363305
-2.77773, -0.325331
-2.76907, -0.287491
-2.76015, -0.249785
-2.75098, -0.212217
-2.74156, -0.174787
-2.73189, -0.137497
-2.72198, -0.100349
-2.71184, -0.0633436
-2.70146, -0.0264832
-2.69086, 0.0102314
-2.68002, 0.0467989
-2.66897, 0.0832182
-2.6577, 0.119488
-2.64622, 0.155607
-2.63452, 0.191575
-2.62262, 0.227391
-2.61051, 0.263054
-2.59821, 0.298562
-2.58571, 0.333915
-2.57302, 0.369113
-2.56014, 0.404155
-2.54707, 0.439039
-2.53382, 0.473766
-2.52039, 0.508336
-2.50678, 0.542746
-2.493, 0.576998
-2.47905, 0.61109
-2.46494, 0.645022
-2.45066, 0.678794
-2.43622, 0.712406
-2.42162, 0.745857
-2.40686, 0.779146
-2.39196, 0.812275
-2.3769, 0.845242
-2.3617, 0.878048
-2.34635, 0.910692
-2.33086, 0.943174
-2.31524, 0.975494
-2.29947, 1.00765
-2.28357, 1.03965
-2.26754, 1.07148
-2.25139, 1.10316
-2.2351, 1.13467
-2.21869, 1.16602
-2.20216, 1.1972
-2.18551, 1.22823
-2.16875, 1.25909
-2.15186, 1.2898
-2.13487, 1.32034
-2.11776, 1.35072
-2.10055, 1.38094
-2.08323, 1.411
-2.0658, 1.4409
-2.04828, 1.47064
-2.03065, 1.50022
-2.01292, 1.52964
-1.9951, 1.5589
-1.97718, 1.588
-1.95917, 1.61694
-1.94107, 1.64572
-1.92288, 1.67435
-1.9046, 1.70282
-1.88624, 1.73113
-1.86779, 1.75928
-1.84926, 1.78728
-1.83065, 1.81512
-1.81196, 1.84281
-1.7932, 1.87034
-1.77436, 1.89771
-1.75544, 1.92493
-1.73645, 1.95199
-1.71739, 1.9789
-1.69826, 2.00566
-1.67907, 2.03227
-1.6598, 2.05872
-1.64047, 2.08502
-1.62108, 2.11116
-1.60163, 2.13716
-1.58211, 2.163
-1.56253, 2.1887
-1.5429, 2.21424
-1.52321, 2.23964
-1.50346, 2.26488
-1.48366, 2.28998
-1.4638, 2.31493
-1.4439, 2.33973
-1.42394, 2.36438
-1.40393, 2.38889
-1.38387, 2.41325
-1.36377, 2.43746
-1.34362, 2.46153
-1.32342, 2.48546
-1.30318, 2.50924
-1.2829, 2.53287
-1.26257, 2.55636
-1.24221, 2.57971
-1.2218, 2.60292
-1.20136, 2.62598
-1.18087, 2.6489
-1.16035, 2.67169
-1.1398, 2.69433
-1.11921, 2.71683
-1.09858, 2.73919
-1.07792, 2.76141
-1.05723, 2.78349
-1.03651, 2.80544
-1.01576, 2.82725
-0.994979, 2.84892
-0.974168, 2.87045
-0.95333, 2.89185
-0.932465, 2.91311
-0.911573, 2.93423
-0.890656, 2.95522
-0.869715, 2.97608
-0.848749, 2.9968
-0.827761, 3.01739
-0.80675, 3.03785
-0.785718, 3.05817
-0.764665, 3.07837
-0.743592, 3.09843
-0.722499, 3.11836
-0.701388, 3.13815
-0.680259, 3.15782
-0.659113, 3.17736
-0.63795, 3.19677
-0.616772, 3.21605
-0.595578, 3.23521
-0.574369, 3.25423
-0.553147, 3.27313
-0.531911, 3.2919
-0.510663, 3.31055
-0.489403, 3.32907
-0.468131, 3.34746
-0.446848, 3.36573
-0.425556, 3.38387
-0.404253, 3.40189
-0.382941, 3.41979
-0.361621, 3.43756
-0.340293, 3.45521
-0.318958, 3.47274
-0.297616, 3.49014
-0.276267, 3.50742
-0.254913, 3.52459
-0.233553, 3.54163
-0.212189, 3.55855
-0.190821, 3.57535
-0.169448, 3.59204
-0.148073, 3.6086
-0.126695, 3.62505
-0.105314, 3.64137
-0.0839321, 3.65758
-0.0625486, 3.67368
-0.0411642, 3.68965
-0.0197796, 3.70551
0.00160504, 3.72126
0.0229891, 3.73688
0.0443722, 3.7524
0.0657539, 3.7678
0.0871337, 3.78308
0.108511, 3.79825
0.129886, 3.81331
0.151258, 3.82825
0.172626, 3.84308
0.193991, 3.8578
0.215351, 3.8724
0.236706, 3.8869
0.258056, 3.90128
0.279401, 3.91555
0.30074, 3.92972
0.322073, 3.94377
0.343399, 3.95771
0.364718, 3.97154
0.38603, 3.98527
0.407334, 3.99888
0.42863, 4.01239
0.449917, 4.02579
0.471196, 4.03908
0.492466, 4.05227
0.513727, 4.06535
0.534977, 4.07832
0.556218, 4.09119
0.577448, 4.10395
0.598668, 4.1166
0.619876, 4.12916
0.641073, 4.1416
0.662259, 4.15394
0.683432, 4.16618
0.704594, 4.17832
0.725742, 4.19035
0.746878, 4.20228
0.768001, 4.2141
0.78911, 4.22583
0.810206, 4.23745
0.831287, 4.24897
0.852355, 4.26039
0.873407, 4.27171
0.894445, 4.28293
0.915468, 4.29405
0.936475, 4.30507
0.957467, 4.31599
0.978443, 4.32681
0.999403, 4.33753
1.02035, 4.34816
1.04127, 4.35868
1.06218, 4.36911
1.08308, 4.37944
1.10395, 4.38967
1.12481, 4.39981
1.14565, 4.40985
1.16647, 4.41979
1.18727, 4.42964
1.20806, 4.43939
1.22882, 4.44904
1.24957, 4.45861
1.2703, 4.46807
1.29101, 4.47744
1.3117, 4.48672
1.33237, 4.4959
1.35301, 4.50499
1.37364, 4.51399
1.39425, 4.5229
1.41484, 4.53171
1.4354, 4.54043
1.45595, 4.54905
1.47647, 4.55759
1.49697, 4.56603
1.51745, 4.57438
1.53791, 4.58264
1.55835, 4.59081
1.57876, 4.59889
1.59915, 4.60688
1.61952, 4.61478
1.63987, 4.62259
1.66019, 4.63031
1.68049, 4.63794
1.70076, 4.64549
1.72102, 4.65294
1.74124, 4.66031
1.76145, 4.66758
1.78163, 4.67477
1.80179, 4.68188
1.82192, 4.68889
1.84202, 4.69582
1.8621, 4.70266
1.88216, 4.70942
1.90219, 4.71609
1.9222, 4.72267
1.94218, 4.72916
1.96214, 4.73558
1.98207, 4.7419
2.00197, 4.74814
2.02185, 4.7543
2.0417, 4.76037
2.06152, 4.76636
2.08132, 4.77226
2.10109, 4.77808
2.12083, 4.78382
2.14055, 4.78947
2.16024, 4.79504
2.1799, 4.80053
2.19954, 4.80593
2.21915, 4.81126
2.23873, 4.8165
2.25828, 4.82165
2.2778, 4.82673
2.2973, 4.83173
2.31677, 4.83664
2.3362, 4.84147
2.35562, 4.84622
2.375, 4.85089
2.39435, 4.85549
2.41367, 4.86
2.43297, 4.86443
2.45223, 4.86878
2.47147, 4.87305
2.49068, 4.87724
2.50985, 4.88136
2.529, 4.88539
2.54812, 4.88935
2.5672, 4.89322
2.58626, 4.89702
2.60529, 4.90074
2.62428, 4.90439
2.64325, 4.90795
2.66218, 4.91144
2.68109, 4.91485
2.69996, 4.91819
2.71881, 4.92144
2.73762, 4.92462
2.7564, 4.92773
2.77515, 4.93076
2.79386, 4.93371
2.81255, 4.93659
2.8312, 4.93939
2.84983, 4.94211
2.86842, 4.94476
2.88698, 4.94734
2.9055, 4.94984
2.924, 4.95226
2.94246, 4.95462
2.96089, 4.95689
2.97928, 4.9591
2.99765, 4.96123
3.01598, 4.96328
3.03428, 4.96526
3.05254, 4.96717
3.07078, 4.96901
3.08898, 4.97077
3.10714, 4.97246
3.12528, 4.97408
3.14338, 4.97562
3.16144, 4.97709
3.17947, 4.9785
3.19747, 4.97982
3.21544, 4.98108
3.23337, 4.98227
3.25126, 4.98338
3.26912, 4.98442
3.28695, 4.98539
3.30475, 4.9863
3.32251, 4.98713
3.34023, 4.98789
3.35792, 4.98857
3.37557, 4.98919
3.3932, 4.98974
3.41078, 4.99022
3.42833, 4.99063
3.44585, 4.99097
3.46333, 4.99124
3.48077, 4.99145
3.49818, 4.99158
3.51555, 4.99164
3.53289, 4.99164
3.55019, 4.99156
3.56746, 4.99142
3.58469, 4.99121
3.60189, 4.99093
3.61905, 4.99059
3.63617, 4.99017
3.65326, 4.98969
3.67031, 4.98914
3.68732, 4.98853
3.7043, 4.98784
3.72124, 4.98709
3.73814, 4.98628
3.75501, 4.98539
3.77184, 4.98444
3.78864, 4.98343
3.80539, 4.98234
3.82211, 4.98119
3.8388, 4.97998
3.85544, 4.9787
3.87205, 4.97735
3.88862, 4.97594
3.90516, 4.97446
3.92165, 4.97292
3.93811, 4.97131
3.95453, 4.96964
3.97091, 4.9679
3.98726, 4.9661
4.00356, 4.96423
4.01983, 4.9623
4.03606, 4.96031
4.05226, 4.95825
4.06841, 4.95613
4.08453, 4.95394
4.10061, 4.95169
4.11664, 4.94937
4.13264, 4.947
4.14861, 4.94456
4.16453, 4.94205
4.18041, 4.93948
4.19626, 4.93685
4.21206, 4.93416
4.22783, 4.93141
4.24356, 4.92859
4.25925, 4.92571
4.2749, 4.92277
4.29051, 4.91976
4.30608, 4.9167
4.32161, 4.91357
4.3371, 4.91038
4.35255, 4.90713
4.36797, 4.90381
4.38334, 4.90044
4.39867, 4.897
4.41396, 4.89351
4.42921, 4.88995
4.44443, 4.88633
4.4596, 4.88265
4.47473, 4.87891
4.48982, 4.87511
4.50487, 4.87125
4.51988, 4.86733
4.53485, 4.86335
4.54978, 4.85931
4.56467, 4.85521
4.57952, 4.85105
4.59432, 4.84683
4.60909, 4.84255
4.62381, 4.83821
4.6385, 4.83382
4.65314, 4.82936
4.66774, 4.82484
4.6823, 4.82027
4.69682, 4.81564
4.71129, 4.81094
4.72573, 4.80619
4.74012, 4.80138
4.75447, 4.79651
4.76878, 4.79159
4.78305, 4.7866
4.79728, 4.78156
4.81146, 4.77646
4.8256, 4.7713
4.8397, 4.76609
4.85376, 4.76082
4.86777, 4.75549
4.88175, 4.7501
4.89568, 4.74465
4.90957, 4.73915
4.92341, 4.73359
4.93721, 4.72798
4.95097, 4.7223
4.96469, 4.71657
4.97837, 4.71079
4.992, 4.70494
5.00558, 4.69904
5.01913, 4.69309
5.03263, 4.68708
5.04609, 4.68101
5.0595, 4.67489
5.07288, 4.66871
5.08621, 4.66247
5.09949, 4.65618
5.11273, 4.64984
5.12593, 4.64343
5.13908, 4.63698
5.15219, 4.63046
5.16526, 4.6239
5.17828, 4.61727
5.19126, 4.6106
5.20419, 4.60386
5.21708, 4.59708
5.22993, 4.59024
5.24273, 4.58334
5.25548, 4.57639
5.26819, 4.56938
5.28086, 4.56232
5.29348, 4.55521
5.30606, 4.54804
5.3186, 4.54082
5.33108, 4.53355
5.34353, 4.52622
5.35592, 4.51883
5.36828, 4.5114
5.38058, 4.50391
5.39285, 4.49637
5.40506, 4.48877
5.41724, 4.48112
5.42936, 4.47342
5.44144, 4.46566
5.45348, 4.45785
5.46547, 4.44999
5.47741, 4.44208
5.48931, 4.43411
5.50116, 4.42609
5.51297, 4.41802
5.52473, 4.40989
5.53644, 4.40172
5.54811, 4.39349
5.55973, 4.38521
5.5713, 4.37687
5.58283, 4.36849
5.59431, 4.36005
5.60575, 4.35156
5.61713, 4.34302
5.62848, 4.33443
5.63977, 4.32579
5.65102, 4.31709
5.66222, 4.30835
5.67337, 4.29955
5.68448, 4.2907
5.69554, 4.2818
5.70655, 4.27285
5.71751, 4.26385
5.72843, 4.2548
5.7393, 4.2457
5.75012, 4.23654
5.76089, 4.22734
5.77162, 4.21808
5.7823, 4.20878
5.79293, 4.19943
5.80351, 4.19002
5.81404, 4.18057
5.82453, 4.17106
5.83497, 4.16151
5.84536, 4.1519
5.8557, 4.14225
5.86599, 4.13254
5.87623, 4.12279
5.88643, 4.11298
5.89657, 4.10313
5.90667, 4.09323
5.91672, 4.08328
5.92672, 4.07328
5.93667, 4.06323
5.94657, 4.05313
5.95642, 4.04298
5.96622, 4.03278
5.97598, 4.02254
5.98568, 4.01224
5.99533, 4.0019
6.00494, 3.99151
6.01449, 3.98107
6.024, 3.97058
6.03345, 3.96004
6.04285, 3.94946
6.05221, 3.93883
6.06151, 3.92815
6.07077, 3.91742
6.07997, 3.90664
6.08912, 3.89581
6.09823, 3.88494
6.10728, 3.87402
6.11628, 3.86305
6.12523, 3.85204
6.13413, 3.84098
6.14298, 3.82987
6.15178, 3.81871
6.16052, 3.8075
6.16922, 3.79625
6.17786, 3.78495
6.18646, 3.77361
6.195, 3.76221
6.20349, 3.75078
6.21192, 3.73929
6.22031, 3.72776
6.22865, 3.71618
6.23693, 3.70455
6.24516, 3.69288
6.25334, 3.68116
6.26146, 3.66939
6.26954, 3.65758
6.27756, 3.64572
6.28553, 3.63382
6.29344, 3.62187
6.30131, 3.60988
6.30912, 3.59783
6.31687, 3.58575
6.32458, 3.57361
6.33223, 3.56144
6.33983, 3.54921
6.34737, 3.53694
6.35487, 3.52463
6.36231, 3.51227
6.36969, 3.49986
6.37702, 3.48741
6.3843, 3.47492
6.39152, 3.46237
6.39869, 3.44979
6.40581, 3.43716
6.41287, 3.42448
6.41988, 3.41176
6.42683, 3.399
6.43373, 3.38619
6.44058, 3.37333
6.44737, 3.36044
6.4541, 3.34749
6.46078, 3.33451
6.46741, 3.32148
6.47398, 3.3084
6.4805, 3.29528
6.48696, 3.28212
6.49336, 3.26891
6.49971, 3.25566
6.506, 3.24236
6.51224, 3.22902
6.51843, 3.21564
6.52455, 3.20222
6.53062, 3.18875
6.53664, 3.17523
6.5426, 3.16168
6.5485, 3.14808
6.55435, 3.13444
6.56014, 3.12075
6.56587, 3.10702
6.57155, 3.09325
6.57717, 3.07944
6.58273, 3.06558
6.58824, 3.05168
6.59368, 3.03773
6.59908, 3.02375
6.60441, 3.00972
6.60969, 2.99565
6.61491, 2.98154
6.62007, 2.96738
6.62517, 2.95319
6.63022, 2.93895
6.63521, 2.92466
6.64014, 2.91034
6.64501, 2.89597
6.64982, 2.88157
6.65458, 2.86712
6.65927, 2.85263
6.66391, 2.83809
6.66849, 2.82352
6.67301, 2.8089
6.67747, 2.79425
6.68187, 2.77955
6.68621, 2.76481
6.6905, 2.75003
6.69472, 2.7352
6.69889, 2.72034
6.70299, 2.70544
6.70703, 2.69049
6.71102, 2.6755
6.71494, 2.66048
6.71881, 2.64541
6.72261, 2.6303
6.72635, 2.61515
6.73004, 2.59996
6.73366, 2.58473
6.73722, 2.56946
6.74072, 2.55415
6.74416, 2.5388
6.74754, 2.52341
6.75086, 2.50798
6.75411, 2.49251
6.7573, 2.477
6.76044, 2.46145
6.76351, 2.44586
6.76651, 2.43023
6.76946, 2.41456
6.77234, 2.39886
6.77517, 2.38311
6.77792, 2.36732
6.78062, 2.35149
6.78325, 2.33563
6.78582, 2.31972
6.78833, 2.30378
6.79078, 2.2878
6.79316, 2.27178
6.79548, 2.25572
6.79773, 2.23962
6.79992, 2.22348
6.80205, 2.2073
6.80411, 2.19109
6.80611, 2.17483
6.80804, 2.15854
6.80991, 2.14221
6.81172, 2.12585
6.81346, 2.10944
6.81513, 2.093
6.81674, 2.07651
6.81829, 2.05999
6.81977, 2.04344
6.82118, 2.02684
6.82253, 2.01021
6.82381, 1.99354
6.82503, 1.97683
6.82618, 1.96009
6.82727, 1.94331
6.82829, 1.92649
6.82924, 1.90963
6.83013, 1.89274
6.83095, 1.87581
6.8317, 1.85884
6.83238, 1.84184
6.833, 1.8248
6.83355, 1.80772
6.83404, 1.79061
6.83445, 1.77346
6.8348, 1.75627
6.83508, 1.73905
6.83529, 1.72179
6.83543, 1.70449
6.83551, 1.68716
6.83552, 1.6698
6.83545, 1.6524
6.83532, 1.63496
6.83512, 1.61748
6.83485, 1.59997
6.83451, 1.58243
6.8341, 1.56485
6.83362, 1.54724
6.83307, 1.52959
6.83246, 1.5119
6.83177, 1.49418
6.83101, 1.47643
6.83018, 1.45864
6.82928, 1.44081
6.8283, 1.42295
6.82726, 1.40506
6.82615, 1.38713
6.82496, 1.36917
6.8237, 1.35117
6.82237, 1.33314
6.82097, 1.31508
6.8195, 1.29698
6.81795, 1.27885
6.81634, 1.26068
6.81464, 1.24248
6.81288, 1.22425
6.81104, 1.20599
6.80913, 1.18769
6.80715, 1.16935
6.80509, 1.15099
6.80296, 1.13259
6.80075, 1.11416
6.79847, 1.09569
6.79612, 1.0772
6.79369, 1.05867
6.79119, 1.04011
6.78861, 1.02151
6.78596, 1.00289
6.78323, 0.984228
6.78042, 0.965537
6.77754, 0.946815
6.77459, 0.928061
6.77155, 0.909275
6.76845, 0.890458
6.76526, 0.871609
6.762, 0.852729
6.75866, 0.833818
6.75524, 0.814876
6.75175, 0.795903
6.74818, 0.776898
6.74453, 0.757864
6.7408, 0.738798
6.737, 0.719702
6.73312, 0.700576
6.72915, 0.68142
6.72511, 0.662233
6.72099, 0.643017
6.71679, 0.62377
6.71252, 0.604494
6.70816, 0.585188
6.70372, 0.565853
6.6992, 0.546488
6.6946, 0.527095
6.68992, 0.507672
6.68516, 0.48822
6.68032, 0.468739
6.6754, 0.44923
6.6704, 0.429692
6.66531, 0.410126
6.66014, 0.390532
6.65489, 0.370909
6.64956, 0.351259
6.64415, 0.33158
6.63865, 0.311874
6.63307, 0.29214
6.62741, 0.272379
6.62166, 0.252591
6.61583, 0.232776
6.60991, 0.212933
6.60391, 0.193064
6.59783, 0.173168
6.59166, 0.153246
6.58541, 0.133297
6.57907, 0.113323
6.57265, 0.0933218
6.56614, 0.073295
6.55954, 0.0532426
6.55286, 0.0331646
6.54609, 0.0130612
6.53923, -0.00706735
6.53229, -0.027221
6.52526, -0.0473995
6.51814, -0.0676027
6.51094, -0.0878305
6.50364, -0.108083
6.49626, -0.128359
6.48879, -0.148659
